001:006:000:STREAM             1613849009.541009
 01 10 AA 22 1E 08 00 00 00 00

001:006:000:STREAM             1613849009.547139
 01 10 AA 22 1E 08 00 00 00 00

001:006:000:STREAM             1613849009.553793
 01 10 AA 22 1E 08 00 00 00 00

001:006:000:STREAM             1613849009.559741
 01 10 AA 22 1E 08 00 00 00 00

001:006:000:STREAM             1613849009.567135
 01 10 AA 22 1E 08 00 00 00 00

001:006:000:STREAM             1613849009.572729
 01 10 AA 22 1E 08 00 00 00 00

001:006:000:STREAM             1613849009.579748
 01 10 AA 22 1E 08 00 00 00 00

001:006:000:STREAM             1613849009.586134
 01 10 AA 22 1E 08 00 00 00 00

001:006:000:STREAM             1613849009.592790
 01 10 AA 22 1E 08 00 00 00 00

001:006:000:STREAM             1613849009.598795
 01 10 AA 22 1E 08 00 00 00 00

001:006:000:STREAM             1613849009.604820
 01 10 AA 22 1E 08 00 00 00 00

001:006:000:STREAM             1613849009.611864
 01 10 AA 22 1E 08 00 00 00 00

001:006:000:STREAM             1613849009.618140
 01 10 AA 22 1E 08 00 00 00 00

001:006:000:STREAM             1613849009.624789
 01 10 AA 22 1E 08 00 00 00 00

001:006:000:STREAM             1613849009.630820
 01 10 AA 22 1E 08 00 00 00 00

001:006:000:STREAM             1613849009.638079
 01 10 AA 22 1E 08 00 00 00 00

001:006:000:STREAM             1613849009.643784
 01 10 AA 22 1E 08 00 00 00 00

001:006:000:STREAM             1613849009.651127
 01 10 AA 22 1E 08 00 00 00 00

001:006:000:STREAM             1613849009.656794
 01 10 AA 22 1E 08 00 00 00 00

001:006:000:STREAM             1613849009.662795
 01 10 AA 22 1E 08 00 00 00 00

001:006:000:STREAM             1613849009.670068
 01 10 AA 22 1E 08 00 00 00 00

001:006:000:STREAM             1613849009.675783
 01 10 AA 22 1E 08 00 00 00 00

001:006:000:STREAM             1613849009.682797
 01 10 AA 22 1E 08 00 00 00 00

001:006:000:STREAM             1613849009.688877
 01 10 AA 22 1E 08 00 00 00 00

001:006:000:STREAM             1613849009.695796
 01 10 AA 22 1E 08 00 00 00 00

001:006:000:STREAM             1613849009.702039
 01 10 AA 22 1E 08 00 00 00 00

001:006:000:STREAM             1613849009.708795
 01 10 AA 22 1E 08 00 00 00 00

001:006:000:STREAM             1613849009.714724
 01 10 AA 22 1E 08 00 00 00 00

001:006:000:STREAM             1613849009.720790
 01 10 AA 22 1E 08 00 00 00 00

001:006:000:STREAM             1613849009.727796
 01 10 AA 22 1E 08 00 00 00 00

001:006:000:STREAM             1613849009.733770
 01 10 AA 22 1E 08 00 00 00 00

001:006:000:STREAM             1613849009.740799
 01 10 AA 22 1E 08 00 00 00 00

001:006:000:STREAM             1613849009.747126
 01 10 AA 22 1E 08 00 00 00 00

001:006:000:STREAM             1613849009.753767
 01 10 AA 22 1E 08 00 00 00 00

001:006:000:STREAM             1613849009.759737
 01 10 AA 22 1E 08 00 00 00 00

001:006:000:STREAM             1613849009.767015
 01 10 AA 22 1E 08 00 00 00 00

001:006:000:STREAM             1613849009.772758
 01 10 AA 22 1E 08 00 00 00 00

001:006:000:STREAM             1613849009.779927
 01 10 AA 22 1E 08 00 00 00 00

001:006:000:STREAM             1613849009.785750
 01 10 AA 22 1E 08 00 00 00 00

001:006:000:STREAM             1613849009.791782
 01 10 AA 22 1E 08 00 00 00 00

001:006:000:STREAM             1613849009.798902
 01 10 AA 22 1E 08 00 00 00 00

001:006:000:STREAM             1613849009.804820
 01 10 AA 22 1E 08 00 00 00 00

001:006:000:STREAM             1613849009.811802
 01 10 AA 22 1E 08 00 00 00 00

001:006:000:STREAM             1613849009.818050
 01 10 A7 22 24 08 00 00 00 00

001:006:000:STREAM             1613849009.824754
 01 10 A7 22 2C 08 00 00 00 00

001:006:000:STREAM             1613849009.831140
 01 10 A7 22 34 08 00 00 00 00

001:006:000:STREAM             1613849009.838079
 01 10 A7 22 39 08 00 00 00 00

001:006:000:STREAM             1613849009.843907
 01 10 A7 22 3E 08 00 00 00 00

001:006:000:STREAM             1613849009.851139
 01 10 A7 22 3E 08 00 00 00 00

001:006:000:STREAM             1613849009.856713
 01 10 AD 22 44 08 00 00 00 00

001:006:000:STREAM             1613849009.863747
 01 10 B2 22 46 08 00 00 00 00

001:006:000:STREAM             1613849009.870092
 01 10 B4 22 49 08 00 00 00 00

001:006:000:STREAM             1613849009.876910
 01 10 BC 22 49 08 00 00 00 00

001:006:000:STREAM             1613849009.882761
 01 10 C2 22 49 08 00 00 00 00

001:006:000:STREAM             1613849009.889753
 01 10 C7 22 46 08 00 00 00 00

001:006:000:STREAM             1613849009.896119
 01 10 CF 22 46 08 00 00 00 00

001:006:000:STREAM             1613849009.903103
 01 10 D4 22 44 08 00 00 00 00

001:006:000:STREAM             1613849009.908746
 01 10 D9 22 41 08 00 00 00 00

001:006:000:STREAM             1613849009.915743
 01 10 E1 22 3E 08 00 00 00 00

001:006:000:STREAM             1613849009.921826
 01 10 E4 22 3C 08 00 00 00 00

001:006:000:STREAM             1613849009.928920
 01 10 E4 22 3C 08 00 00 00 00

001:006:000:STREAM             1613849009.934798
 01 11 E4 22 36 08 D2 00 00 00

001:006:000:STREAM             1613849009.941779
 01 11 E1 22 31 08 B8 00 00 00

001:006:000:STREAM             1613849009.947786
 01 11 DF 22 2E 08 92 00 00 00

001:006:000:STREAM             1613849009.954975
 01 11 DC 22 29 08 69 00 00 00

001:006:000:STREAM             1613849009.960920
 01 11 D7 22 24 08 44 00 00 00

001:006:000:STREAM             1613849009.968148
 01 11 D4 22 21 08 29 00 00 00

001:006:000:STREAM             1613849009.975143
 01 11 D1 22 1C 08 16 00 00 00

001:006:000:STREAM             1613849009.980740
 01 11 CF 22 14 08 0B 00 00 00

001:006:000:STREAM             1613849009.987769
 01 11 CC 22 0C 08 06 00 00 00

001:006:000:STREAM             1613849009.994050
 01 11 CC 22 01 08 04 00 00 00

001:006:000:STREAM             1613849010.000803
 01 11 CC 22 F6 07 05 00 00 00

001:006:000:STREAM             1613849010.007113
 01 11 CF 22 E9 07 08 00 00 00

001:006:000:STREAM             1613849010.013741
 01 11 D1 22 DC 07 0D 00 00 00

001:006:000:STREAM             1613849010.020102
 01 11 D1 22 C7 07 14 00 00 00

001:006:000:STREAM             1613849010.027140
 01 11 D1 22 B1 07 1C 00 00 00

001:006:000:STREAM             1613849010.034050
 01 11 D4 22 9C 07 23 00 00 00

001:006:000:STREAM             1613849010.039740
 01 11 D7 22 87 07 2E 00 00 00

001:006:000:STREAM             1613849010.047141
 01 11 DC 22 71 07 37 00 00 00

001:006:000:STREAM             1613849010.052890
 01 11 DC 22 5C 07 3E 00 00 00

001:006:000:STREAM             1613849010.060099
 01 11 DF 22 49 07 46 00 00 00

001:006:000:STREAM             1613849010.066789
 01 11 E1 22 37 07 4B 00 00 00

001:006:000:STREAM             1613849010.072748
 01 11 E1 22 22 07 4E 00 00 00

001:006:000:STREAM             1613849010.080142
 01 11 E4 22 0F 07 55 00 00 00

001:006:000:STREAM             1613849010.085821
 01 11 E4 22 FC 06 5E 00 00 00

001:006:000:STREAM             1613849010.092912
 01 11 E4 22 EA 06 6C 00 00 00

001:006:000:STREAM             1613849010.099161
 01 11 E4 22 D4 06 81 00 00 00

001:006:000:STREAM             1613849010.105784
 01 11 E4 22 BF 06 98 00 00 00

001:006:000:STREAM             1613849010.112743
 01 11 E4 22 AA 06 B5 00 00 00

001:006:000:STREAM             1613849010.118757
 01 11 E4 22 94 06 DD 00 00 00

001:006:000:STREAM             1613849010.125747
 01 11 E4 22 7A 06 11 01 00 00

001:006:000:STREAM             1613849010.131760
 01 11 E4 22 62 06 48 01 00 00

001:006:000:STREAM             1613849010.138693
 01 11 E6 22 47 06 85 01 00 00

001:006:000:STREAM             1613849010.144728
 01 11 E9 22 2A 06 CC 01 00 00

001:006:000:STREAM             1613849010.151722
 01 11 EC 22 0D 06 1F 02 00 00

001:006:000:STREAM             1613849010.158707
 01 11 EE 22 EF 05 74 02 00 00

001:006:000:STREAM             1613849010.164703
 01 11 F4 22 D2 05 CE 02 00 00

001:006:000:STREAM             1613849010.171775
 01 11 F6 22 B5 05 11 03 00 00

001:006:000:STREAM             1613849010.178106
 01 11 FC 22 98 05 3F 03 00 00

001:006:000:STREAM             1613849010.185019
 01 11 01 23 7A 05 6F 03 00 00

001:006:000:STREAM             1613849010.190697
 01 11 03 23 60 05 9D 03 00 00

001:006:000:STREAM             1613849010.197703
 01 11 06 23 42 05 C8 03 00 00

001:006:000:STREAM             1613849010.203993
 01 11 09 23 28 05 F0 03 00 00

001:006:000:STREAM             1613849010.211194
 01 11 09 23 0D 05 0C 04 00 00

001:006:000:STREAM             1613849010.217109
 01 11 0B 23 F0 04 26 04 00 00

001:006:000:STREAM             1613849010.224249
 01 11 0E 23 D5 04 37 04 00 00

001:006:000:STREAM             1613849010.230129
 01 11 0E 23 B8 04 3C 04 00 00

001:006:000:STREAM             1613849010.236840
 01 11 0E 23 9D 04 3E 04 00 00

001:006:000:STREAM             1613849010.243024
 01 11 0E 23 80 04 40 04 00 00

001:006:000:STREAM             1613849010.250047
 01 11 0E 23 63 04 49 04 00 00

001:006:000:STREAM             1613849010.256798
 01 11 0B 23 43 04 56 04 00 00

001:006:000:STREAM             1613849010.262730
 01 11 0B 23 26 04 6C 04 00 00

001:006:000:STREAM             1613849010.270065
 01 11 09 23 08 04 84 04 00 00

001:006:000:STREAM             1613849010.275814
 01 11 09 23 EB 03 A6 04 00 00

001:006:000:STREAM             1613849010.283109
 01 11 06 23 D0 03 C9 04 00 00

001:006:000:STREAM             1613849010.288735
 01 11 03 23 B3 03 E6 04 00 00

001:006:000:STREAM             1613849010.296110
 01 11 01 23 98 03 FB 04 00 00

001:006:000:STREAM             1613849010.302101
 01 11 FE 22 7E 03 07 05 00 00

001:006:000:STREAM             1613849010.308919
 01 11 FC 22 63 03 0B 05 00 00

001:006:000:STREAM             1613849010.314801
 01 11 FC 22 49 03 06 05 00 00

001:006:000:STREAM             1613849010.321799
 01 11 F9 22 2E 03 F9 04 00 00

001:006:000:STREAM             1613849010.328151
 01 11 F9 22 11 03 EF 04 00 00

001:006:000:STREAM             1613849010.335153
 01 11 F9 22 F9 02 E6 04 00 00

001:006:000:STREAM             1613849010.340802
 01 11 F6 22 DE 02 E4 04 00 00

001:006:000:STREAM             1613849010.348126
 01 11 F6 22 C6 02 E9 04 00 00

001:006:000:STREAM             1613849010.353769
 01 11 F4 22 AE 02 EF 04 00 00

001:006:000:STREAM             1613849010.360884
 01 11 F4 22 94 02 F5 04 00 00

001:006:000:STREAM             1613849010.366801
 01 11 F1 22 7C 02 F8 04 00 00

001:006:000:STREAM             1613849010.373952
 01 11 EE 22 64 02 F9 04 00 00

001:006:000:STREAM             1613849010.379847
 01 11 EC 22 49 02 FA 04 00 00

001:006:000:STREAM             1613849010.386790
 01 11 E9 22 31 02 FD 04 00 00

001:006:000:STREAM             1613849010.392814
 01 11 E6 22 17 02 F8 04 00 00

001:006:000:STREAM             1613849010.400156
 01 11 E4 22 FC 01 F4 04 00 00

001:006:000:STREAM             1613849010.407146
 01 11 E1 22 DF 01 ED 04 00 00

001:006:000:STREAM             1613849010.412814
 01 11 DF 22 C1 01 E7 04 00 00

001:006:000:STREAM             1613849010.419760
 01 11 E1 22 A1 01 F5 04 00 00

001:006:000:STREAM             1613849010.426127
 01 11 E4 22 7C 01 15 05 00 00

001:006:000:STREAM             1613849010.433155
 01 11 E4 22 57 01 42 05 00 00

001:006:000:STREAM             1613849010.438911
 01 11 E4 22 2F 01 7A 05 00 00

001:006:000:STREAM             1613849010.445805
 01 11 E1 22 07 01 B9 05 00 00

001:006:000:STREAM             1613849010.451915
 01 11 E4 22 DF 00 FC 05 00 00

001:006:000:STREAM             1613849010.458799
 01 11 E4 22 B7 00 3D 06 00 00

001:006:000:STREAM             1613849010.464805
 01 11 E1 22 8F 00 7E 06 00 00

001:006:000:STREAM             1613849010.471811
 01 11 E1 22 6A 00 B1 06 00 00

001:006:000:STREAM             1613849010.477807
 01 11 DF 22 4A 00 D6 06 00 00

001:006:000:STREAM             1613849010.484809
 01 11 DF 22 32 00 EF 06 00 00

001:006:000:STREAM             1613849010.490918
 01 11 DC 22 1F 00 03 07 00 00

001:006:000:STREAM             1613849010.498057
 01 11 DC 22 12 00 0D 07 00 00

001:006:000:STREAM             1613849010.504152
 01 11 DC 22 0A 00 0B 07 00 00

001:006:000:STREAM             1613849010.510775
 01 11 DC 22 05 00 01 07 00 00

001:006:000:STREAM             1613849010.516780
 01 11 DC 22 05 00 EB 06 00 00

001:006:000:STREAM             1613849010.523805
 01 11 DC 22 05 00 D1 06 00 00

001:006:000:STREAM             1613849010.530061
 01 11 DF 22 00 00 B7 06 00 00

001:006:000:STREAM             1613849010.536803
 01 11 DF 22 00 00 99 06 00 00

001:006:000:STREAM             1613849010.542795
 01 11 D9 22 00 00 78 06 00 00

001:006:000:STREAM             1613849010.562811
 01 00 D9 22 00 00 00 00 00 00

001:006:000:STREAM             1613849012.496059
 01 10 14 3E 43 14 00 00 00 00

001:006:000:STREAM             1613849012.502136
 01 10 14 3E 43 14 00 00 00 00

001:006:000:STREAM             1613849012.508802
 01 10 14 3E 43 14 00 00 00 00

001:006:000:STREAM             1613849012.515172
 01 10 14 3E 43 14 00 00 00 00

001:006:000:STREAM             1613849012.521829
 01 10 14 3E 43 14 00 00 00 00

001:006:000:STREAM             1613849012.527819
 01 10 14 3E 43 14 00 00 00 00

001:006:000:STREAM             1613849012.533841
 01 10 14 3E 43 14 00 00 00 00

001:006:000:STREAM             1613849012.540918
 01 10 14 3E 43 14 00 00 00 00

001:006:000:STREAM             1613849012.547173
 01 10 14 3E 43 14 00 00 00 00

001:006:000:STREAM             1613849012.553801
 01 10 14 3E 43 14 00 00 00 00

001:006:000:STREAM             1613849012.559801
 01 10 14 3E 43 14 00 00 00 00

001:006:000:STREAM             1613849012.567141
 01 10 14 3E 43 14 00 00 00 00

001:006:000:STREAM             1613849012.572933
 01 10 14 3E 43 14 00 00 00 00

001:006:000:STREAM             1613849012.580019
 01 10 14 3E 43 14 00 00 00 00

001:006:000:STREAM             1613849012.585795
 01 10 14 3E 43 14 00 00 00 00

001:006:000:STREAM             1613849012.591938
 01 10 14 3E 43 14 00 00 00 00

001:006:000:STREAM             1613849012.599176
 01 10 14 3E 43 14 00 00 00 00

001:006:000:STREAM             1613849012.604850
 01 10 14 3E 43 14 00 00 00 00

001:006:000:STREAM             1613849012.611840
 01 10 14 3E 43 14 00 00 00 00

001:006:000:STREAM             1613849012.617805
 01 10 14 3E 43 14 00 00 00 00

001:006:000:STREAM             1613849012.624922
 01 10 14 3E 43 14 00 00 00 00

001:006:000:STREAM             1613849012.631177
 01 10 14 3E 43 14 00 00 00 00

001:006:000:STREAM             1613849012.637829
 01 10 14 3E 43 14 00 00 00 00

001:006:000:STREAM             1613849012.644133
 01 10 14 3E 43 14 00 00 00 00

001:006:000:STREAM             1613849012.649803
 01 10 14 3E 43 14 00 00 00 00

001:006:000:STREAM             1613849012.656908
 01 10 14 3E 43 14 00 00 00 00

001:006:000:STREAM             1613849012.662840
 01 10 14 3E 43 14 00 00 00 00

001:006:000:STREAM             1613849012.670140
 01 10 14 3E 43 14 00 00 00 00

001:006:000:STREAM             1613849012.675835
 01 10 14 3E 43 14 00 00 00 00

001:006:000:STREAM             1613849012.682803
 01 10 0A 3E 41 14 00 00 00 00

001:006:000:STREAM             1613849012.688840
 01 10 0A 3E 41 14 00 00 00 00

001:006:000:STREAM             1613849012.696206
 01 10 0A 3E 41 14 00 00 00 00

001:006:000:STREAM             1613849012.702130
 01 10 0A 3E 41 14 00 00 00 00

001:006:000:STREAM             1613849012.708838
 01 10 02 3E 43 14 00 00 00 00

001:006:000:STREAM             1613849012.714845
 01 10 FA 3D 49 14 00 00 00 00

001:006:000:STREAM             1613849012.720809
 01 10 FA 3D 49 14 00 00 00 00

001:006:000:STREAM             1613849012.728175
 01 10 F2 3D 51 14 00 00 00 00

001:006:000:STREAM             1613849012.734146
 01 10 F2 3D 51 14 00 00 00 00

001:006:000:STREAM             1613849012.740854
 01 10 EA 3D 59 14 00 00 00 00

001:006:000:STREAM             1613849012.746807
 01 10 EA 3D 59 14 00 00 00 00

001:006:000:STREAM             1613849012.754101
 01 10 EA 3D 59 14 00 00 00 00

001:006:000:STREAM             1613849012.760032
 01 10 EA 3D 59 14 00 00 00 00

001:006:000:STREAM             1613849012.767189
 01 10 E5 3D 61 14 00 00 00 00

001:006:000:STREAM             1613849012.772970
 01 10 E5 3D 61 14 00 00 00 00

001:006:000:STREAM             1613849012.779806
 01 10 E5 3D 6B 14 00 00 00 00

001:006:000:STREAM             1613849012.785752
 01 10 E5 3D 73 14 00 00 00 00

001:006:000:STREAM             1613849012.792851
 01 10 E5 3D 7B 14 00 00 00 00

001:006:000:STREAM             1613849012.799201
 01 10 EA 3D 83 14 00 00 00 00

001:006:000:STREAM             1613849012.806075
 01 10 F0 3D 8B 14 00 00 00 00

001:006:000:STREAM             1613849012.811772
 01 10 F7 3D 91 14 00 00 00 00

001:006:000:STREAM             1613849012.819177
 01 10 FF 3D 96 14 00 00 00 00

001:006:000:STREAM             1613849012.825192
 01 10 07 3E 9B 14 00 00 00 00

001:006:000:STREAM             1613849012.832215
 01 10 0F 3E A1 14 00 00 00 00

001:006:000:STREAM             1613849012.838011
 01 10 1A 3E A3 14 00 00 00 00

001:006:000:STREAM             1613849012.844796
 01 10 24 3E A9 14 00 00 00 00

001:006:000:STREAM             1613849012.851156
 01 10 2C 3E AE 14 00 00 00 00

001:006:000:STREAM             1613849012.858128
 01 10 39 3E B1 14 00 00 00 00

001:006:000:STREAM             1613849012.863839
 01 10 44 3E B6 14 00 00 00 00

001:006:000:STREAM             1613849012.870793
 01 10 4E 3E BB 14 00 00 00 00

001:006:000:STREAM             1613849012.876799
 01 10 5B 3E C0 14 00 00 00 00

001:006:000:STREAM             1613849012.883791
 01 11 61 3E C3 14 71 00 00 00

001:006:000:STREAM             1613849012.889757
 01 11 69 3E C8 14 6E 00 00 00

001:006:000:STREAM             1613849012.896772
 01 11 6E 3E CB 14 6B 00 00 00

001:006:000:STREAM             1613849012.902799
 01 11 71 3E CE 14 69 00 00 00

001:006:000:STREAM             1613849012.909816
 01 11 76 3E D0 14 68 00 00 00

001:006:000:STREAM             1613849012.916768
 01 11 7B 3E D3 14 68 00 00 00

001:006:000:STREAM             1613849012.922751
 01 11 80 3E D6 14 6D 00 00 00

001:006:000:STREAM             1613849012.929758
 01 11 8B 3E DB 14 7D 00 00 00

001:006:000:STREAM             1613849012.935759
 01 11 95 3E DE 14 9A 00 00 00

001:006:000:STREAM             1613849012.942759
 01 11 A3 3E E0 14 C9 00 00 00

001:006:000:STREAM             1613849012.949743
 01 11 B2 3E E3 14 07 01 00 00

001:006:000:STREAM             1613849012.955749
 01 11 C5 3E E6 14 50 01 00 00

001:006:000:STREAM             1613849012.962723
 01 11 DC 3E E6 14 A7 01 00 00

001:006:000:STREAM             1613849012.968746
 01 11 F4 3E E6 14 04 02 00 00

001:006:000:STREAM             1613849012.975794
 01 11 0F 3F E6 14 68 02 00 00

001:006:000:STREAM             1613849012.981791
 01 11 29 3F E6 14 CC 02 00 00

001:006:000:STREAM             1613849012.988758
 01 11 48 3F E3 14 17 03 00 00

001:006:000:STREAM             1613849012.995752
 01 11 65 3F E0 14 44 03 00 00

001:006:000:STREAM             1613849013.002094
 01 11 85 3F DE 14 69 03 00 00

001:006:000:STREAM             1613849013.009278
 01 11 A7 3F DB 14 8C 03 00 00

001:006:000:STREAM             1613849013.015192
 01 11 C7 3F D8 14 A7 03 00 00

001:006:000:STREAM             1613849013.022225
 01 11 E9 3F D6 14 BA 03 00 00

001:006:000:STREAM             1613849013.027765
 01 11 0B 40 D6 14 CB 03 00 00

001:006:000:STREAM             1613849013.035231
 01 11 2D 40 D3 14 DA 03 00 00

001:006:000:STREAM             1613849013.040775
 01 11 50 40 D3 14 E4 03 00 00

001:006:000:STREAM             1613849013.047751
 01 11 75 40 D0 14 ED 03 00 00

001:006:000:STREAM             1613849013.054125
 01 11 99 40 D0 14 F4 03 00 00

001:006:000:STREAM             1613849013.060803
 01 11 C1 40 CE 14 FC 03 00 00

001:006:000:STREAM             1613849013.066777
 01 11 E8 40 CB 14 06 04 00 00

001:006:000:STREAM             1613849013.073762
 01 11 12 41 C8 14 16 04 00 00

001:006:000:STREAM             1613849013.080145
 01 11 3D 41 C6 14 26 04 00 00

001:006:000:STREAM             1613849013.087017
 01 11 69 41 C3 14 37 04 00 00

001:006:000:STREAM             1613849013.093823
 01 11 93 41 BE 14 48 04 00 00

001:006:000:STREAM             1613849013.099865
 01 11 C0 41 BB 14 5C 04 00 00

001:006:000:STREAM             1613849013.106843
 01 11 ED 41 B6 14 6D 04 00 00

001:006:000:STREAM             1613849013.112835
 01 11 17 42 B3 14 80 04 00 00

001:006:000:STREAM             1613849013.119802
 01 11 41 42 AE 14 92 04 00 00

001:006:000:STREAM             1613849013.125842
 01 11 6B 42 AB 14 A2 04 00 00

001:006:000:STREAM             1613849013.132797
 01 11 93 42 A9 14 AD 04 00 00

001:006:000:STREAM             1613849013.138795
 01 11 BA 42 A6 14 B3 04 00 00

001:006:000:STREAM             1613849013.145794
 01 11 E2 42 A3 14 B4 04 00 00

001:006:000:STREAM             1613849013.151796
 01 11 09 43 A1 14 B5 04 00 00

001:006:000:STREAM             1613849013.158782
 01 11 33 43 A1 14 B3 04 00 00

001:006:000:STREAM             1613849013.164768
 01 11 5E 43 9E 14 B5 04 00 00

001:006:000:STREAM             1613849013.171723
 01 11 8A 43 9B 14 B5 04 00 00

001:006:000:STREAM             1613849013.177988
 01 11 BA 43 9B 14 B2 04 00 00

001:006:000:STREAM             1613849013.185049
 01 11 EC 43 99 14 AD 04 00 00

001:006:000:STREAM             1613849013.191771
 01 11 20 44 96 14 A9 04 00 00

001:006:000:STREAM             1613849013.198170
 01 11 5A 44 93 14 A9 04 00 00

001:006:000:STREAM             1613849013.204767
 01 11 97 44 91 14 A5 04 00 00

001:006:000:STREAM             1613849013.211235
 01 11 D3 44 8E 14 8E 04 00 00

001:006:000:STREAM             1613849013.217844
 01 11 13 45 8E 14 76 04 00 00

001:006:000:STREAM             1613849013.223810
 01 11 4C 45 8B 14 58 04 00 00

001:006:000:STREAM             1613849013.231198
 01 11 7F 45 89 14 35 04 00 00

001:006:000:STREAM             1613849013.236945
 01 11 A6 45 86 14 11 04 00 00

001:006:000:STREAM             1613849013.243822
 01 11 C3 45 83 14 EE 03 00 00

001:006:000:STREAM             1613849013.250132
 01 11 DB 45 86 14 BF 03 00 00

001:006:000:STREAM             1613849013.269856
 01 00 DB 45 86 14 00 00 00 00

001:006:000:STREAM             1613849014.989053
 01 10 0B 23 B6 20 00 00 00 00

001:006:000:STREAM             1613849014.995297
 01 10 0B 23 B6 20 00 00 00 00

001:006:000:STREAM             1613849015.002010
 01 10 0B 23 B6 20 00 00 00 00

001:006:000:STREAM             1613849015.007843
 01 10 0B 23 B6 20 00 00 00 00

001:006:000:STREAM             1613849015.014898
 01 10 0B 23 B6 20 00 00 00 00

001:006:000:STREAM             1613849015.021005
 01 10 0B 23 B8 20 00 00 00 00

001:006:000:STREAM             1613849015.026847
 01 10 11 23 BB 20 00 00 00 00

001:006:000:STREAM             1613849015.034137
 01 10 13 23 C0 20 00 00 00 00

001:006:000:STREAM             1613849015.039847
 01 10 16 23 C6 20 00 00 00 00

001:006:000:STREAM             1613849015.047095
 01 10 1B 23 CB 20 00 00 00 00

001:006:000:STREAM             1613849015.052851
 01 10 20 23 D0 20 00 00 00 00

001:006:000:STREAM             1613849015.060051
 01 10 23 23 D8 20 00 00 00 00

001:006:000:STREAM             1613849015.066154
 01 10 28 23 DD 20 00 00 00 00

001:006:000:STREAM             1613849015.072884
 01 10 2E 23 E3 20 00 00 00 00

001:006:000:STREAM             1613849015.079076
 01 10 35 23 E5 20 00 00 00 00

001:006:000:STREAM             1613849015.086211
 01 11 38 23 E8 20 43 00 00 00

001:006:000:STREAM             1613849015.093001
 01 11 38 23 E8 20 44 00 00 00

001:006:000:STREAM             1613849015.099232
 01 11 38 23 E8 20 44 00 00 00

001:006:000:STREAM             1613849015.105878
 01 11 38 23 EB 20 47 00 00 00

001:006:000:STREAM             1613849015.112236
 01 11 38 23 EB 20 4A 00 00 00

001:006:000:STREAM             1613849015.119228
 01 11 35 23 ED 20 4C 00 00 00

001:006:000:STREAM             1613849015.125028
 01 11 33 23 F0 20 52 00 00 00

001:006:000:STREAM             1613849015.131891
 01 11 33 23 F3 20 54 00 00 00

001:006:000:STREAM             1613849015.138870
 01 11 30 23 F8 20 58 00 00 00

001:006:000:STREAM             1613849015.144967
 01 11 2E 23 FB 20 5A 00 00 00

001:006:000:STREAM             1613849015.151830
 01 11 2E 23 00 21 5C 00 00 00

001:006:000:STREAM             1613849015.157869
 01 11 2E 23 08 21 5D 00 00 00

001:006:000:STREAM             1613849015.164886
 01 11 30 23 0D 21 5F 00 00 00

001:006:000:STREAM             1613849015.171057
 01 11 30 23 15 21 5F 00 00 00

001:006:000:STREAM             1613849015.178156
 01 11 33 23 1D 21 5D 00 00 00

001:006:000:STREAM             1613849015.184962
 01 11 35 23 28 21 5C 00 00 00

001:006:000:STREAM             1613849015.191082
 01 11 38 23 33 21 58 00 00 00

001:006:000:STREAM             1613849015.197881
 01 11 3B 23 43 21 59 00 00 00

001:006:000:STREAM             1613849015.203845
 01 11 3B 23 53 21 5E 00 00 00

001:006:000:STREAM             1613849015.210879
 01 11 3B 23 65 21 5E 00 00 00

001:006:000:STREAM             1613849015.218191
 01 11 3B 23 7D 21 63 00 00 00

001:006:000:STREAM             1613849015.224253
 01 11 38 23 95 21 64 00 00 00

001:006:000:STREAM             1613849015.230865
 01 11 33 23 B0 21 6F 00 00 00

001:006:000:STREAM             1613849015.236992
 01 11 30 23 D0 21 7B 00 00 00

001:006:000:STREAM             1613849015.243995
 01 11 28 23 ED 21 8C 00 00 00

001:006:000:STREAM             1613849015.250166
 01 11 23 23 0D 22 A2 00 00 00

001:006:000:STREAM             1613849015.257146
 01 11 1E 23 30 22 C1 00 00 00

001:006:000:STREAM             1613849015.263837
 01 11 1B 23 4F 22 EF 00 00 00

001:006:000:STREAM             1613849015.270168
 01 11 16 23 72 22 31 01 00 00

001:006:000:STREAM             1613849015.276973
 01 11 11 23 92 22 84 01 00 00

001:006:000:STREAM             1613849015.283174
 01 11 0E 23 B5 22 EE 01 00 00

001:006:000:STREAM             1613849015.289878
 01 11 09 23 D7 22 6A 02 00 00

001:006:000:STREAM             1613849015.295863
 01 11 09 23 FA 22 EE 02 00 00

001:006:000:STREAM             1613849015.302966
 01 11 06 23 1F 23 37 03 00 00

001:006:000:STREAM             1613849015.310182
 01 11 03 23 47 23 6A 03 00 00

001:006:000:STREAM             1613849015.315823
 01 11 03 23 6C 23 8E 03 00 00

001:006:000:STREAM             1613849015.322842
 01 11 01 23 94 23 A6 03 00 00

001:006:000:STREAM             1613849015.328955
 01 11 FE 22 BF 23 AB 03 00 00

001:006:000:STREAM             1613849015.336231
 01 11 FC 22 EC 23 A6 03 00 00

001:006:000:STREAM             1613849015.342153
 01 11 FC 22 17 24 98 03 00 00

001:006:000:STREAM             1613849015.348981
 01 11 F9 22 44 24 8B 03 00 00

001:006:000:STREAM             1613849015.354871
 01 11 F6 22 71 24 83 03 00 00

001:006:000:STREAM             1613849015.361847
 01 11 F4 22 A1 24 80 03 00 00

001:006:000:STREAM             1613849015.367859
 01 11 F4 22 D4 24 81 03 00 00

001:006:000:STREAM             1613849015.375203
 01 11 F1 22 09 25 83 03 00 00

001:006:000:STREAM             1613849015.381140
 01 11 F1 22 41 25 8F 03 00 00

001:006:000:STREAM             1613849015.387832
 01 11 EE 22 7B 25 9B 03 00 00

001:006:000:STREAM             1613849015.394152
 01 11 EE 22 B6 25 A0 03 00 00

001:006:000:STREAM             1613849015.400967
 01 11 EE 22 F0 25 AA 03 00 00

001:006:000:STREAM             1613849015.406904
 01 11 EC 22 33 26 BA 03 00 00

001:006:000:STREAM             1613849015.413887
 01 11 EE 22 6E 26 CE 03 00 00

001:006:000:STREAM             1613849015.420879
 01 11 EE 22 AB 26 EB 03 00 00

001:006:000:STREAM             1613849015.427251
 01 11 F1 22 E3 26 0E 04 00 00

001:006:000:STREAM             1613849015.433878
 01 11 F1 22 15 27 32 04 00 00

001:006:000:STREAM             1613849015.439881
 01 11 F1 22 45 27 59 04 00 00

001:006:000:STREAM             1613849015.446865
 01 11 F1 22 72 27 7E 04 00 00

001:006:000:STREAM             1613849015.452955
 01 11 F1 22 98 27 9A 04 00 00

001:006:000:STREAM             1613849015.459886
 01 11 F1 22 B8 27 B1 04 00 00

001:006:000:STREAM             1613849015.465850
 01 11 EE 22 D0 27 C0 04 00 00

001:006:000:STREAM             1613849015.473022
 01 11 EC 22 E0 27 C6 04 00 00

001:006:000:STREAM             1613849015.478871
 01 11 EC 22 ED 27 BE 04 00 00

001:006:000:STREAM             1613849015.485881
 01 11 EC 22 ED 27 9F 04 00 00

001:006:000:STREAM             1613849015.492002
 01 11 E9 22 F5 27 74 04 00 00

001:006:000:STREAM             1613849015.498956
 01 11 E9 22 F5 27 25 04 00 00

001:006:000:STREAM             1613849015.504881
 01 11 E9 22 F5 27 B5 03 00 00

001:006:000:STREAM             1613849015.511855
 01 11 E9 22 F5 27 35 03 00 00

001:006:000:STREAM             1613849015.531201
 01 00 E9 22 F5 27 00 00 00 00

001:006:000:STREAM             1613849017.464148
 01 10 36 06 0B 16 00 00 00 00

001:006:000:STREAM             1613849017.471240
 01 10 36 06 0B 16 00 00 00 00

001:006:000:STREAM             1613849017.476842
 01 10 36 06 0B 16 00 00 00 00

001:006:000:STREAM             1613849017.483883
 01 10 36 06 0B 16 00 00 00 00

001:006:000:STREAM             1613849017.490151
 01 10 36 06 0B 16 00 00 00 00

001:006:000:STREAM             1613849017.496839
 01 10 36 06 0B 16 00 00 00 00

001:006:000:STREAM             1613849017.503231
 01 10 36 06 0B 16 00 00 00 00

001:006:000:STREAM             1613849017.509034
 01 10 36 06 0B 16 00 00 00 00

001:006:000:STREAM             1613849017.515981
 01 10 36 06 08 16 00 00 00 00

001:006:000:STREAM             1613849017.521917
 01 10 36 06 08 16 00 00 00 00

001:006:000:STREAM             1613849017.528928
 01 10 36 06 08 16 00 00 00 00

001:006:000:STREAM             1613849017.534917
 01 11 30 06 05 16 74 04 00 00

001:006:000:STREAM             1613849017.542231
 01 11 28 06 00 16 73 04 00 00

001:006:000:STREAM             1613849017.548045
 01 11 1E 06 FD 15 71 04 00 00

001:006:000:STREAM             1613849017.554907
 01 11 16 06 FB 15 6E 04 00 00

001:006:000:STREAM             1613849017.561003
 01 11 09 06 FB 15 6D 04 00 00

001:006:000:STREAM             1613849017.568263
 01 11 FE 05 F8 15 6E 04 00 00

001:006:000:STREAM             1613849017.574898
 01 11 F4 05 F5 15 76 04 00 00

001:006:000:STREAM             1613849017.581036
 01 11 E7 05 F5 15 52 04 00 00

001:006:000:STREAM             1613849017.587879
 01 11 DC 05 F3 15 41 04 00 00

001:006:000:STREAM             1613849017.594190
 01 11 CF 05 F3 15 3E 04 00 00

001:006:000:STREAM             1613849017.600921
 01 11 C4 05 F0 15 45 04 00 00

001:006:000:STREAM             1613849017.607263
 01 11 BA 05 ED 15 52 04 00 00

001:006:000:STREAM             1613849017.614255
 01 11 AF 05 EB 15 65 04 00 00

001:006:000:STREAM             1613849017.619906
 01 11 A2 05 E8 15 7B 04 00 00

001:006:000:STREAM             1613849017.626919
 01 11 95 05 E3 15 95 04 00 00

001:006:000:STREAM             1613849017.632909
 01 11 88 05 DD 15 B1 04 00 00

001:006:000:STREAM             1613849017.640213
 01 11 75 05 D8 15 C6 04 00 00

001:006:000:STREAM             1613849017.646253
 01 11 63 05 D3 15 D3 04 00 00

001:006:000:STREAM             1613849017.652909
 01 11 51 05 CD 15 DE 04 00 00

001:006:000:STREAM             1613849017.659109
 01 11 3B 05 C8 15 E7 04 00 00

001:006:000:STREAM             1613849017.666127
 01 11 24 05 C5 15 EE 04 00 00

001:006:000:STREAM             1613849017.671941
 01 11 09 05 C3 15 F4 04 00 00

001:006:000:STREAM             1613849017.678881
 01 11 EF 04 BD 15 FC 04 00 00

001:006:000:STREAM             1613849017.685058
 01 11 D2 04 BD 15 07 05 00 00

001:006:000:STREAM             1613849017.691887
 01 11 B3 04 BB 15 1A 05 00 00

001:006:000:STREAM             1613849017.698259
 01 11 93 04 BB 15 37 05 00 00

001:006:000:STREAM             1613849017.704922
 01 11 73 04 BB 15 5A 05 00 00

001:006:000:STREAM             1613849017.711878
 01 11 51 04 BB 15 82 05 00 00

001:006:000:STREAM             1613849017.718238
 01 11 2F 04 BB 15 AD 05 00 00

001:006:000:STREAM             1613849017.725068
 01 11 0D 04 BD 15 D9 05 00 00

001:006:000:STREAM             1613849017.731285
 01 11 EB 03 C0 15 03 06 00 00

001:006:000:STREAM             1613849017.738200
 01 11 C6 03 C3 15 29 06 00 00

001:006:000:STREAM             1613849017.743916
 01 11 A3 03 C5 15 49 06 00 00

001:006:000:STREAM             1613849017.751265
 01 11 7F 03 C8 15 63 06 00 00

001:006:000:STREAM             1613849017.757036
 01 11 5A 03 CD 15 79 06 00 00

001:006:000:STREAM             1613849017.763988
 01 11 35 03 D0 15 87 06 00 00

001:006:000:STREAM             1613849017.770088
 01 11 10 03 D3 15 90 06 00 00

001:006:000:STREAM             1613849017.776912
 01 11 EB 02 D5 15 94 06 00 00

001:006:000:STREAM             1613849017.782880
 01 11 C4 02 D8 15 92 06 00 00

001:006:000:STREAM             1613849017.790193
 01 11 9C 02 DD 15 8D 06 00 00

001:006:000:STREAM             1613849017.796021
 01 11 6F 02 E0 15 86 06 00 00

001:006:000:STREAM             1613849017.802919
 01 11 43 02 E3 15 7A 06 00 00

001:006:000:STREAM             1613849017.808883
 01 11 13 02 E5 15 70 06 00 00

001:006:000:STREAM             1613849017.816039
 01 11 E1 01 E8 15 60 06 00 00

001:006:000:STREAM             1613849017.821927
 01 11 AD 01 EB 15 4B 06 00 00

001:006:000:STREAM             1613849017.828887
 01 11 78 01 F0 15 31 06 00 00

001:006:000:STREAM             1613849017.835882
 01 11 3E 01 F3 15 17 06 00 00

001:006:000:STREAM             1613849017.842207
 01 11 07 01 F5 15 FC 05 00 00

001:006:000:STREAM             1613849017.849007
 01 11 CA 00 FB 15 DF 05 00 00

001:006:000:STREAM             1613849017.854889
 01 11 96 00 00 16 C1 05 00 00

001:006:000:STREAM             1613849017.861880
 01 11 6B 00 03 16 A2 05 00 00

001:006:000:STREAM             1613849017.867866
 01 11 49 00 08 16 83 05 00 00

001:006:000:STREAM             1613849017.875117
 01 11 2F 00 0D 16 65 05 00 00

001:006:000:STREAM             1613849017.893911
 01 00 2F 00 0D 16 00 00 00 00

