001:006:000:STREAM             1613849144.822025
 01 00 92 22 76 14 00 00 00 00

001:006:000:STREAM             1613849148.089261
 01 10 8A 22 FE 13 00 00 00 00

001:006:000:STREAM             1613849148.095456
 01 10 8A 22 FE 13 00 00 00 00

001:006:000:STREAM             1613849148.102125
 01 10 8A 22 FE 13 00 00 00 00

001:006:000:STREAM             1613849148.108060
 01 10 8A 22 FE 13 00 00 00 00

001:006:000:STREAM             1613849148.114111
 01 10 8A 22 FE 13 00 00 00 00

001:006:000:STREAM             1613849148.121108
 01 10 8A 22 FE 13 00 00 00 00

001:006:000:STREAM             1613849148.127050
 01 10 8A 22 FE 13 00 00 00 00

001:006:000:STREAM             1613849148.134018
 01 10 8A 22 FE 13 00 00 00 00

001:006:000:STREAM             1613849148.140058
 01 10 8A 22 FE 13 00 00 00 00

001:006:000:STREAM             1613849148.147056
 01 10 8A 22 FE 13 00 00 00 00

001:006:000:STREAM             1613849148.153053
 01 10 8A 22 FE 13 00 00 00 00

001:006:000:STREAM             1613849148.160050
 01 10 8A 22 FE 13 00 00 00 00

001:006:000:STREAM             1613849148.166058
 01 10 8A 22 FE 13 00 00 00 00

001:006:000:STREAM             1613849148.172060
 01 10 8A 22 FE 13 00 00 00 00

001:006:000:STREAM             1613849148.179062
 01 10 8A 22 FE 13 00 00 00 00

001:006:000:STREAM             1613849148.185458
 01 10 8A 22 FE 13 00 00 00 00

001:006:000:STREAM             1613849148.192463
 01 10 8A 22 FE 13 00 00 00 00

001:006:000:STREAM             1613849148.198483
 01 10 8A 22 FE 13 00 00 00 00

001:006:000:STREAM             1613849148.205245
 01 10 8A 22 FE 13 00 00 00 00

001:006:000:STREAM             1613849148.211082
 01 10 8A 22 FE 13 00 00 00 00

001:006:000:STREAM             1613849148.218453
 01 10 8A 22 FE 13 00 00 00 00

001:006:000:STREAM             1613849148.224080
 01 10 8A 22 FE 13 00 00 00 00

001:006:000:STREAM             1613849148.230459
 01 10 8A 22 FE 13 00 00 00 00

001:006:000:STREAM             1613849148.237303
 01 10 8A 22 FE 13 00 00 00 00

001:006:000:STREAM             1613849148.243110
 01 10 8A 22 FE 13 00 00 00 00

001:006:000:STREAM             1613849148.250437
 01 10 8A 22 FE 13 00 00 00 00

001:006:000:STREAM             1613849148.256106
 01 10 8A 22 FE 13 00 00 00 00

001:006:000:STREAM             1613849148.263449
 01 10 8A 22 FE 13 00 00 00 00

001:006:000:STREAM             1613849148.269312
 01 10 8A 22 FE 13 00 00 00 00

001:006:000:STREAM             1613849148.275118
 01 10 8A 22 FE 13 00 00 00 00

001:006:000:STREAM             1613849148.282119
 01 10 8A 22 FE 13 00 00 00 00

001:006:000:STREAM             1613849148.288113
 01 10 8A 22 FE 13 00 00 00 00

001:006:000:STREAM             1613849148.295458
 01 10 8A 22 FE 13 00 00 00 00

001:006:000:STREAM             1613849148.301282
 01 10 8A 22 FE 13 00 00 00 00

001:006:000:STREAM             1613849148.308127
 01 10 8A 22 FE 13 00 00 00 00

001:006:000:STREAM             1613849148.314135
 01 10 8A 22 FE 13 00 00 00 00

001:006:000:STREAM             1613849148.321315
 01 10 8A 22 FE 13 00 00 00 00

001:006:000:STREAM             1613849148.327475
 01 10 8A 22 FE 13 00 00 00 00

001:006:000:STREAM             1613849148.333148
 01 10 8A 22 FE 13 00 00 00 00

001:006:000:STREAM             1613849148.340147
 01 10 8A 22 FE 13 00 00 00 00

001:006:000:STREAM             1613849148.346452
 01 10 8A 22 FE 13 00 00 00 00

001:006:000:STREAM             1613849148.353283
 01 10 8A 22 FE 13 00 00 00 00

001:006:000:STREAM             1613849148.359170
 01 10 8A 22 FE 13 00 00 00 00

001:006:000:STREAM             1613849148.366482
 01 10 8A 22 FE 13 00 00 00 00

001:006:000:STREAM             1613849148.372152
 01 10 8A 22 FE 13 00 00 00 00

001:006:000:STREAM             1613849148.379411
 01 10 8A 22 FE 13 00 00 00 00

001:006:000:STREAM             1613849148.385156
 01 10 8A 22 FE 13 00 00 00 00

001:006:000:STREAM             1613849148.391134
 01 10 8A 22 FE 13 00 00 00 00

001:006:000:STREAM             1613849148.398492
 01 10 8A 22 FE 13 00 00 00 00

001:006:000:STREAM             1613849148.404129
 01 10 8A 22 FE 13 00 00 00 00

001:006:000:STREAM             1613849148.411448
 01 10 8A 22 FE 13 00 00 00 00

001:006:000:STREAM             1613849148.417503
 01 10 8D 22 01 14 00 00 00 00

001:006:000:STREAM             1613849148.424161
 01 10 90 22 06 14 00 00 00 00

001:006:000:STREAM             1613849148.430475
 01 10 92 22 09 14 00 00 00 00

001:006:000:STREAM             1613849148.437111
 01 10 95 22 0B 14 00 00 00 00

001:006:000:STREAM             1613849148.443247
 01 10 95 22 0B 14 00 00 00 00

001:006:000:STREAM             1613849148.450504
 01 10 95 22 0B 14 00 00 00 00

001:006:000:STREAM             1613849148.456495
 01 10 95 22 0B 14 00 00 00 00

001:006:000:STREAM             1613849148.462437
 01 10 9A 22 0E 14 00 00 00 00

001:006:000:STREAM             1613849148.469149
 01 10 9A 22 0E 14 00 00 00 00

001:006:000:STREAM             1613849148.475154
 01 10 9A 22 0E 14 00 00 00 00

001:006:000:STREAM             1613849148.482164
 01 10 9A 22 0E 14 00 00 00 00

001:006:000:STREAM             1613849148.488509
 01 10 9A 22 0E 14 00 00 00 00

001:006:000:STREAM             1613849148.495490
 01 10 9A 22 0E 14 00 00 00 00

001:006:000:STREAM             1613849148.501122
 01 10 9D 22 13 14 00 00 00 00

001:006:000:STREAM             1613849148.508118
 01 10 9D 22 13 14 00 00 00 00

001:006:000:STREAM             1613849148.514439
 01 10 9D 22 13 14 00 00 00 00

001:006:000:STREAM             1613849148.521129
 01 10 9D 22 13 14 00 00 00 00

001:006:000:STREAM             1613849148.527467
 01 10 9D 22 13 14 00 00 00 00

001:006:000:STREAM             1613849148.533102
 01 10 9D 22 13 14 00 00 00 00

001:006:000:STREAM             1613849148.540061
 01 10 9D 22 13 14 00 00 00 00

001:006:000:STREAM             1613849148.546197
 01 10 9D 22 13 14 00 00 00 00

001:006:000:STREAM             1613849148.553246
 01 10 9D 22 13 14 00 00 00 00

001:006:000:STREAM             1613849148.559457
 01 10 9F 22 19 14 00 00 00 00

001:006:000:STREAM             1613849148.566204
 01 10 9F 22 19 14 00 00 00 00

001:006:000:STREAM             1613849148.572292
 01 10 9F 22 19 14 00 00 00 00

001:006:000:STREAM             1613849148.579131
 01 10 9F 22 19 14 00 00 00 00

001:006:000:STREAM             1613849148.585238
 01 10 9F 22 19 14 00 00 00 00

001:006:000:STREAM             1613849148.591121
 01 10 A2 22 1E 14 00 00 00 00

001:006:000:STREAM             1613849148.598206
 01 10 A5 22 23 14 00 00 00 00

001:006:000:STREAM             1613849148.604116
 01 10 A5 22 23 14 00 00 00 00

001:006:000:STREAM             1613849148.611463
 01 10 A5 22 29 14 00 00 00 00

001:006:000:STREAM             1613849148.617110
 01 10 A5 22 2E 14 00 00 00 00

001:006:000:STREAM             1613849148.624127
 01 10 A5 22 2E 14 00 00 00 00

001:006:000:STREAM             1613849148.630237
 01 10 A5 22 2E 14 00 00 00 00

001:006:000:STREAM             1613849148.637162
 01 10 A5 22 2E 14 00 00 00 00

001:006:000:STREAM             1613849148.643165
 01 10 A5 22 2E 14 00 00 00 00

001:006:000:STREAM             1613849148.650481
 01 10 A5 22 2E 14 00 00 00 00

001:006:000:STREAM             1613849148.656290
 01 10 A5 22 2E 14 00 00 00 00

001:006:000:STREAM             1613849148.662065
 01 10 A5 22 2E 14 00 00 00 00

001:006:000:STREAM             1613849148.669150
 01 10 A7 22 33 14 00 00 00 00

001:006:000:STREAM             1613849148.675364
 01 10 A7 22 33 14 00 00 00 00

001:006:000:STREAM             1613849148.682161
 01 10 A7 22 33 14 00 00 00 00

001:006:000:STREAM             1613849148.688172
 01 10 A7 22 33 14 00 00 00 00

001:006:000:STREAM             1613849148.695434
 01 10 A7 22 33 14 00 00 00 00

001:006:000:STREAM             1613849148.701343
 01 10 A7 22 33 14 00 00 00 00

001:006:000:STREAM             1613849148.708164
 01 10 A7 22 33 14 00 00 00 00

001:006:000:STREAM             1613849148.714160
 01 10 A7 22 39 14 00 00 00 00

001:006:000:STREAM             1613849148.721093
 01 10 A7 22 39 14 00 00 00 00

001:006:000:STREAM             1613849148.727505
 01 10 A7 22 39 14 00 00 00 00

001:006:000:STREAM             1613849148.733438
 01 10 A7 22 39 14 00 00 00 00

001:006:000:STREAM             1613849148.740160
 01 10 A7 22 39 14 00 00 00 00

001:006:000:STREAM             1613849148.746141
 01 10 A7 22 39 14 00 00 00 00

001:006:000:STREAM             1613849148.753160
 01 10 A7 22 3E 14 00 00 00 00

001:006:000:STREAM             1613849148.759443
 01 10 A7 22 3E 14 00 00 00 00

001:006:000:STREAM             1613849148.766376
 01 10 A7 22 3E 14 00 00 00 00

001:006:000:STREAM             1613849148.772150
 01 10 A7 22 3E 14 00 00 00 00

001:006:000:STREAM             1613849148.779500
 01 10 A7 22 3E 14 00 00 00 00

001:006:000:STREAM             1613849148.785160
 01 10 A7 22 3E 14 00 00 00 00

001:006:000:STREAM             1613849148.791144
 01 10 A7 22 3E 14 00 00 00 00

001:006:000:STREAM             1613849148.798466
 01 10 A7 22 3E 14 00 00 00 00

001:006:000:STREAM             1613849148.804177
 01 10 A7 22 3E 14 00 00 00 00

001:006:000:STREAM             1613849148.811499
 01 10 A7 22 3E 14 00 00 00 00

001:006:000:STREAM             1613849148.817168
 01 10 A7 22 3E 14 00 00 00 00

001:006:000:STREAM             1613849148.824160
 01 10 A7 22 3E 14 00 00 00 00

001:006:000:STREAM             1613849148.830202
 01 10 A7 22 3E 14 00 00 00 00

001:006:000:STREAM             1613849148.837348
 01 10 A7 22 3E 14 00 00 00 00

001:006:000:STREAM             1613849148.843164
 01 10 A7 22 3E 14 00 00 00 00

001:006:000:STREAM             1613849148.849137
 01 10 A7 22 3E 14 00 00 00 00

001:006:000:STREAM             1613849148.856485
 01 10 A7 22 3E 14 00 00 00 00

001:006:000:STREAM             1613849148.862165
 01 10 A7 22 3E 14 00 00 00 00

001:006:000:STREAM             1613849148.869351
 01 10 A7 22 3E 14 00 00 00 00

001:006:000:STREAM             1613849148.875420
 01 10 A7 22 3E 14 00 00 00 00

001:006:000:STREAM             1613849148.882121
 01 10 A7 22 3E 14 00 00 00 00

001:006:000:STREAM             1613849148.888484
 01 10 A7 22 3E 14 00 00 00 00

001:006:000:STREAM             1613849148.895131
 01 10 A7 22 3E 14 00 00 00 00

001:006:000:STREAM             1613849148.901344
 01 10 A7 22 3E 14 00 00 00 00

001:006:000:STREAM             1613849148.908164
 01 10 A7 22 3E 14 00 00 00 00

001:006:000:STREAM             1613849148.914117
 01 10 A7 22 3E 14 00 00 00 00

001:006:000:STREAM             1613849148.921111
 01 10 A7 22 3E 14 00 00 00 00

001:006:000:STREAM             1613849148.927106
 01 10 A7 22 3E 14 00 00 00 00

001:006:000:STREAM             1613849148.933117
 01 10 A7 22 3E 14 00 00 00 00

001:006:000:STREAM             1613849148.940150
 01 10 A7 22 3E 14 00 00 00 00

001:006:000:STREAM             1613849148.946107
 01 10 A7 22 3E 14 00 00 00 00

001:006:000:STREAM             1613849148.953120
 01 10 A7 22 3E 14 00 00 00 00

001:006:000:STREAM             1613849148.959116
 01 10 A7 22 3E 14 00 00 00 00

001:006:000:STREAM             1613849148.966104
 01 10 A7 22 3E 14 00 00 00 00

001:006:000:STREAM             1613849148.972092
 01 10 A7 22 3E 14 00 00 00 00

001:006:000:STREAM             1613849148.979087
 01 10 A7 22 3E 14 00 00 00 00

001:006:000:STREAM             1613849148.985071
 01 10 AA 22 41 14 00 00 00 00

001:006:000:STREAM             1613849148.992069
 01 10 AA 22 41 14 00 00 00 00

001:006:000:STREAM             1613849148.998062
 01 10 AA 22 41 14 00 00 00 00

001:006:000:STREAM             1613849149.005049
 01 10 AD 22 49 14 00 00 00 00

001:006:000:STREAM             1613849149.011091
 01 10 AD 22 49 14 00 00 00 00

001:006:000:STREAM             1613849149.018076
 01 10 AD 22 49 14 00 00 00 00

001:006:000:STREAM             1613849149.024066
 01 10 AD 22 49 14 00 00 00 00

001:006:000:STREAM             1613849149.031089
 01 10 AF 22 4E 14 00 00 00 00

001:006:000:STREAM             1613849149.037072
 01 10 AF 22 4E 14 00 00 00 00

001:006:000:STREAM             1613849149.043054
 01 10 AF 22 4E 14 00 00 00 00

001:006:000:STREAM             1613849149.050557
 01 10 AF 22 4E 14 00 00 00 00

001:006:000:STREAM             1613849149.056677
 01 10 AF 22 4E 14 00 00 00 00

001:006:000:STREAM             1613849149.063655
 01 10 AF 22 4E 14 00 00 00 00

001:006:000:STREAM             1613849149.069038
 01 10 AF 22 4E 14 00 00 00 00

001:006:000:STREAM             1613849149.076093
 01 10 AF 22 4E 14 00 00 00 00

001:006:000:STREAM             1613849149.082454
 01 10 AF 22 4E 14 00 00 00 00

001:006:000:STREAM             1613849149.089326
 01 10 AF 22 4E 14 00 00 00 00

001:006:000:STREAM             1613849149.095189
 01 10 AF 22 4E 14 00 00 00 00

001:006:000:STREAM             1613849149.102396
 01 10 AF 22 4E 14 00 00 00 00

001:006:000:STREAM             1613849149.108214
 01 10 AF 22 4E 14 00 00 00 00

001:006:000:STREAM             1613849149.115493
 01 10 AF 22 51 14 00 00 00 00

001:006:000:STREAM             1613849149.121126
 01 10 B2 22 53 14 00 00 00 00

001:006:000:STREAM             1613849149.128527
 01 10 B2 22 53 14 00 00 00 00

001:006:000:STREAM             1613849149.134155
 01 10 B2 22 56 14 00 00 00 00

001:006:000:STREAM             1613849149.141297
 01 10 B2 22 56 14 00 00 00 00

001:006:000:STREAM             1613849149.147118
 01 10 B2 22 56 14 00 00 00 00

001:006:000:STREAM             1613849149.154513
 01 10 B2 22 56 14 00 00 00 00

001:006:000:STREAM             1613849149.160517
 01 10 B2 22 56 14 00 00 00 00

001:006:000:STREAM             1613849149.166078
 01 10 B2 22 56 14 00 00 00 00

001:006:000:STREAM             1613849149.173100
 01 10 B2 22 56 14 00 00 00 00

001:006:000:STREAM             1613849149.179501
 01 10 B2 22 56 14 00 00 00 00

001:006:000:STREAM             1613849149.186492
 01 10 B2 22 56 14 00 00 00 00

001:006:000:STREAM             1613849149.192431
 01 10 B2 22 56 14 00 00 00 00

001:006:000:STREAM             1613849149.199119
 01 10 B2 22 56 14 00 00 00 00

001:006:000:STREAM             1613849149.205367
 01 10 B2 22 56 14 00 00 00 00

001:006:000:STREAM             1613849149.212114
 01 10 B2 22 56 14 00 00 00 00

001:006:000:STREAM             1613849149.218110
 01 10 B2 22 56 14 00 00 00 00

001:006:000:STREAM             1613849149.225072
 01 10 B2 22 56 14 00 00 00 00

001:006:000:STREAM             1613849149.231125
 01 10 B4 22 56 14 00 00 00 00

001:006:000:STREAM             1613849149.238110
 01 10 B7 22 56 14 00 00 00 00

001:006:000:STREAM             1613849149.244053
 01 10 B7 22 56 14 00 00 00 00

001:006:000:STREAM             1613849149.251053
 01 10 B7 22 56 14 00 00 00 00

001:006:000:STREAM             1613849149.257042
 01 10 B7 22 56 14 00 00 00 00

001:006:000:STREAM             1613849149.264043
 01 10 BA 22 56 14 00 00 00 00

001:006:000:STREAM             1613849149.270036
 01 10 BA 22 56 14 00 00 00 00

001:006:000:STREAM             1613849149.276038
 01 10 BA 22 56 14 00 00 00 00

001:006:000:STREAM             1613849149.283040
 01 10 BA 22 56 14 00 00 00 00

001:006:000:STREAM             1613849149.289083
 01 10 BA 22 56 14 00 00 00 00

001:006:000:STREAM             1613849149.296041
 01 10 BC 22 56 14 00 00 00 00

001:006:000:STREAM             1613849149.302036
 01 10 BC 22 56 14 00 00 00 00

001:006:000:STREAM             1613849149.309039
 01 10 BC 22 56 14 00 00 00 00

001:006:000:STREAM             1613849149.315034
 01 10 BC 22 56 14 00 00 00 00

001:006:000:STREAM             1613849149.322038
 01 10 BC 22 56 14 00 00 00 00

001:006:000:STREAM             1613849149.328042
 01 10 BC 22 56 14 00 00 00 00

001:006:000:STREAM             1613849149.335040
 01 10 BC 22 56 14 00 00 00 00

001:006:000:STREAM             1613849149.341038
 01 10 BC 22 56 14 00 00 00 00

001:006:000:STREAM             1613849149.348037
 01 10 BC 22 56 14 00 00 00 00

001:006:000:STREAM             1613849149.354036
 01 10 BC 22 56 14 00 00 00 00

001:006:000:STREAM             1613849149.361042
 01 10 BC 22 56 14 00 00 00 00

001:006:000:STREAM             1613849149.367040
 01 10 BC 22 56 14 00 00 00 00

001:006:000:STREAM             1613849149.373061
 01 10 BC 22 56 14 00 00 00 00

001:006:000:STREAM             1613849149.380090
 01 10 BC 22 56 14 00 00 00 00

001:006:000:STREAM             1613849149.386144
 01 10 BC 22 56 14 00 00 00 00

001:006:000:STREAM             1613849149.393164
 01 10 BC 22 56 14 00 00 00 00

001:006:000:STREAM             1613849149.399145
 01 10 BC 22 56 14 00 00 00 00

001:006:000:STREAM             1613849149.406497
 01 10 BC 22 56 14 00 00 00 00

001:006:000:STREAM             1613849149.412167
 01 10 BC 22 56 14 00 00 00 00

001:006:000:STREAM             1613849149.419162
 01 10 BC 22 56 14 00 00 00 00

001:006:000:STREAM             1613849149.425090
 01 10 BC 22 56 14 00 00 00 00

001:006:000:STREAM             1613849149.432153
 01 11 BC 22 56 14 01 00 00 00

001:006:000:STREAM             1613849149.438486
 01 11 BC 22 56 14 01 00 00 00

001:006:000:STREAM             1613849149.445125
 01 11 BC 22 56 14 01 00 00 00

001:006:000:STREAM             1613849149.451155
 01 11 BC 22 56 14 01 00 00 00

001:006:000:STREAM             1613849149.458362
 01 11 BC 22 56 14 02 00 00 00

001:006:000:STREAM             1613849149.464493
 01 11 BC 22 56 14 03 00 00 00

001:006:000:STREAM             1613849149.471512
 01 11 BC 22 56 14 05 00 00 00

001:006:000:STREAM             1613849149.477136
 01 11 BC 22 56 14 0A 00 00 00

001:006:000:STREAM             1613849149.484144
 01 11 BC 22 56 14 10 00 00 00

001:006:000:STREAM             1613849149.491213
 01 11 BC 22 56 14 19 00 00 00

001:006:000:STREAM             1613849149.497166
 01 11 BC 22 56 14 26 00 00 00

001:006:000:STREAM             1613849149.504540
 01 11 BC 22 56 14 35 00 00 00

001:006:000:STREAM             1613849149.510122
 01 11 BC 22 56 14 45 00 00 00

001:006:000:STREAM             1613849149.517324
 01 11 BC 22 56 14 52 00 00 00

001:006:000:STREAM             1613849149.523159
 01 11 BC 22 56 14 5D 00 00 00

001:006:000:STREAM             1613849149.530450
 01 11 BC 22 56 14 61 00 00 00

001:006:000:STREAM             1613849149.536502
 01 11 BC 22 56 14 66 00 00 00

001:006:000:STREAM             1613849149.543296
 01 11 BC 22 56 14 67 00 00 00

001:006:000:STREAM             1613849149.549166
 01 11 BC 22 56 14 67 00 00 00

001:006:000:STREAM             1613849149.556167
 01 11 BC 22 56 14 68 00 00 00

001:006:000:STREAM             1613849149.563501
 01 11 BC 22 56 14 6F 00 00 00

001:006:000:STREAM             1613849149.569291
 01 11 BC 22 56 14 71 00 00 00

001:006:000:STREAM             1613849149.576173
 01 11 BC 22 56 14 7C 00 00 00

001:006:000:STREAM             1613849149.582188
 01 11 BC 22 56 14 8B 00 00 00

001:006:000:STREAM             1613849149.589372
 01 11 BC 22 56 14 9D 00 00 00

001:006:000:STREAM             1613849149.595467
 01 11 BC 22 56 14 B1 00 00 00

001:006:000:STREAM             1613849149.602168
 01 11 BC 22 56 14 C8 00 00 00

001:006:000:STREAM             1613849149.608171
 01 11 BC 22 56 14 E6 00 00 00

001:006:000:STREAM             1613849149.615508
 01 11 BC 22 56 14 0B 01 00 00

001:006:000:STREAM             1613849149.621173
 01 11 BC 22 56 14 31 01 00 00

001:006:000:STREAM             1613849149.628166
 01 11 BC 22 56 14 51 01 00 00

001:006:000:STREAM             1613849149.635162
 01 11 BC 22 56 14 6F 01 00 00

001:006:000:STREAM             1613849149.641167
 01 11 BC 22 56 14 82 01 00 00

001:006:000:STREAM             1613849149.648514
 01 11 BC 22 56 14 95 01 00 00

001:006:000:STREAM             1613849149.654183
 01 11 BC 22 56 14 9B 01 00 00

001:006:000:STREAM             1613849149.661345
 01 11 BC 22 56 14 9F 01 00 00

001:006:000:STREAM             1613849149.667203
 01 11 BC 22 56 14 A8 01 00 00

001:006:000:STREAM             1613849149.674192
 01 11 BC 22 56 14 B6 01 00 00

001:006:000:STREAM             1613849149.680490
 01 11 BC 22 56 14 C6 01 00 00

001:006:000:STREAM             1613849149.687499
 01 11 BC 22 56 14 DE 01 00 00

001:006:000:STREAM             1613849149.693169
 01 11 BC 22 56 14 01 02 00 00

001:006:000:STREAM             1613849149.700206
 01 11 BC 22 56 14 38 02 00 00

001:006:000:STREAM             1613849149.707128
 01 11 BC 22 56 14 7F 02 00 00

001:006:000:STREAM             1613849149.713153
 01 11 BC 22 56 14 CE 02 00 00

001:006:000:STREAM             1613849149.720519
 01 11 BC 22 56 14 17 03 00 00

001:006:000:STREAM             1613849149.726353
 01 11 BC 22 56 14 48 03 00 00

001:006:000:STREAM             1613849149.733163
 01 11 BC 22 56 14 7A 03 00 00

001:006:000:STREAM             1613849149.739507
 01 11 BC 22 56 14 B0 03 00 00

001:006:000:STREAM             1613849149.746318
 01 11 BC 22 56 14 E7 03 00 00

001:006:000:STREAM             1613849149.752147
 01 11 BC 22 56 14 1F 04 00 00

001:006:000:STREAM             1613849149.759510
 01 11 BC 22 56 14 5C 04 00 00

001:006:000:STREAM             1613849149.765179
 01 11 BC 22 56 14 5C 04 00 00

001:006:000:STREAM             1613849149.771514
 01 11 BC 22 56 14 60 04 00 00

001:006:000:STREAM             1613849149.778157
 01 11 BC 22 56 14 70 04 00 00

001:006:000:STREAM             1613849149.784144
 01 11 BC 22 56 14 8B 04 00 00

001:006:000:STREAM             1613849149.791297
 01 11 BC 22 56 14 B1 04 00 00

001:006:000:STREAM             1613849149.797149
 01 11 BC 22 56 14 E8 04 00 00

001:006:000:STREAM             1613849149.804107
 01 11 BC 22 56 14 2A 05 00 00

001:006:000:STREAM             1613849149.810511
 01 11 BC 22 56 14 64 05 00 00

001:006:000:STREAM             1613849149.817299
 01 11 BC 22 56 14 AD 05 00 00

001:006:000:STREAM             1613849149.823364
 01 11 BC 22 56 14 F3 05 00 00

001:006:000:STREAM             1613849149.830176
 01 11 BC 22 56 14 2D 06 00 00

001:006:000:STREAM             1613849149.836152
 01 11 BC 22 56 14 6C 06 00 00

001:006:000:STREAM             1613849149.843512
 01 11 BC 22 56 14 A5 06 00 00

001:006:000:STREAM             1613849149.849313
 01 11 BC 22 56 14 D8 06 00 00

001:006:000:STREAM             1613849149.856177
 01 11 BC 22 56 14 08 07 00 00

001:006:000:STREAM             1613849149.862158
 01 11 BC 22 56 14 36 07 00 00

001:006:000:STREAM             1613849149.869389
 01 11 BC 22 56 14 5F 07 00 00

001:006:000:STREAM             1613849149.875395
 01 11 BC 22 56 14 83 07 00 00

001:006:000:STREAM             1613849149.882504
 01 11 BC 22 56 14 A3 07 00 00

001:006:000:STREAM             1613849149.888494
 01 11 BC 22 56 14 C1 07 00 00

001:006:000:STREAM             1613849149.895281
 01 11 BC 22 56 14 D9 07 00 00

001:006:000:STREAM             1613849149.901375
 01 11 BC 22 56 14 ED 07 00 00

001:006:000:STREAM             1613849149.908206
 01 11 BC 22 56 14 FD 07 00 00

001:006:000:STREAM             1613849149.914276
 01 11 BC 22 56 14 0B 08 00 00

001:006:000:STREAM             1613849149.921179
 01 11 BC 22 56 14 18 08 00 00

001:006:000:STREAM             1613849149.927296
 01 11 BC 22 56 14 25 08 00 00

001:006:000:STREAM             1613849149.934170
 01 11 BC 22 56 14 33 08 00 00

001:006:000:STREAM             1613849149.940176
 01 11 BC 22 56 14 42 08 00 00

001:006:000:STREAM             1613849149.947387
 01 11 BC 22 56 14 56 08 00 00

001:006:000:STREAM             1613849149.953181
 01 11 BC 22 56 14 72 08 00 00

001:006:000:STREAM             1613849149.960119
 01 11 BC 22 56 14 91 08 00 00

001:006:000:STREAM             1613849149.966518
 01 11 BC 22 56 14 AA 08 00 00

001:006:000:STREAM             1613849149.973343
 01 11 BC 22 56 14 C2 08 00 00

001:006:000:STREAM             1613849149.979181
 01 11 BC 22 56 14 DE 08 00 00

001:006:000:STREAM             1613849149.986145
 01 11 BC 22 56 14 F5 08 00 00

001:006:000:STREAM             1613849149.992407
 01 11 BC 22 56 14 0D 09 00 00

001:006:000:STREAM             1613849149.999515
 01 11 BC 22 56 14 1F 09 00 00

001:006:000:STREAM             1613849150.005376
 01 11 BC 22 56 14 2F 09 00 00

001:006:000:STREAM             1613849150.012344
 01 11 BC 22 56 14 3F 09 00 00

001:006:000:STREAM             1613849150.018174
 01 11 BC 22 56 14 51 09 00 00

001:006:000:STREAM             1613849150.025161
 01 11 BC 22 56 14 61 09 00 00

001:006:000:STREAM             1613849150.031496
 01 11 BC 22 56 14 72 09 00 00

001:006:000:STREAM             1613849150.038526
 01 11 BC 22 56 14 8A 09 00 00

001:006:000:STREAM             1613849150.044216
 01 11 BC 22 56 14 9E 09 00 00

001:006:000:STREAM             1613849150.051179
 01 11 BC 22 56 14 B7 09 00 00

001:006:000:STREAM             1613849150.057128
 01 11 BC 22 56 14 D5 09 00 00

001:006:000:STREAM             1613849150.063166
 01 11 BC 22 56 14 EB 09 00 00

001:006:000:STREAM             1613849150.070534
 01 11 BC 22 56 14 04 0A 00 00

001:006:000:STREAM             1613849150.076236
 01 11 BC 22 56 14 18 0A 00 00

001:006:000:STREAM             1613849150.083158
 01 11 BC 22 56 14 24 0A 00 00

001:006:000:STREAM             1613849150.089363
 01 11 BC 22 56 14 32 0A 00 00

001:006:000:STREAM             1613849150.096207
 01 11 BC 22 56 14 3E 0A 00 00

001:006:000:STREAM             1613849150.102525
 01 11 BC 22 56 14 4A 0A 00 00

001:006:000:STREAM             1613849150.109101
 01 11 BC 22 56 14 5D 0A 00 00

001:006:000:STREAM             1613849150.115139
 01 11 BC 22 56 14 4A 0A 00 00

001:006:000:STREAM             1613849150.122123
 01 11 BC 22 56 14 40 0A 00 00

001:006:000:STREAM             1613849150.128170
 01 11 BC 22 56 14 42 0A 00 00

001:006:000:STREAM             1613849150.135115
 01 11 BC 22 56 14 48 0A 00 00

001:006:000:STREAM             1613849150.141102
 01 11 BC 22 56 14 57 0A 00 00

001:006:000:STREAM             1613849150.148124
 01 11 BC 22 56 14 67 0A 00 00

001:006:000:STREAM             1613849150.154121
 01 11 BC 22 56 14 7E 0A 00 00

001:006:000:STREAM             1613849150.161123
 01 11 BC 22 56 14 92 0A 00 00

001:006:000:STREAM             1613849150.167113
 01 11 BC 22 56 14 AC 0A 00 00

001:006:000:STREAM             1613849150.174117
 01 11 BC 22 56 14 BF 0A 00 00

001:006:000:STREAM             1613849150.180480
 01 11 BC 22 56 14 D4 0A 00 00

001:006:000:STREAM             1613849150.187082
 01 11 BC 22 56 14 E4 0A 00 00

001:006:000:STREAM             1613849150.193583
 01 11 BC 22 56 14 F7 0A 00 00

001:006:000:STREAM             1613849150.200727
 01 11 BC 22 56 14 0F 0B 00 00

001:006:000:STREAM             1613849150.206581
 01 11 BC 22 56 14 2A 0B 00 00

001:006:000:STREAM             1613849150.213406
 01 11 BC 22 56 14 44 0B 00 00

001:006:000:STREAM             1613849150.219104
 01 11 BC 22 56 14 54 0B 00 00

001:006:000:STREAM             1613849150.226571
 01 11 BC 22 56 14 61 0B 00 00

001:006:000:STREAM             1613849150.232528
 01 11 BC 22 56 14 68 0B 00 00

001:006:000:STREAM             1613849150.239198
 01 11 BC 22 56 14 63 0B 00 00

001:006:000:STREAM             1613849150.245372
 01 11 BC 22 56 14 60 0B 00 00

001:006:000:STREAM             1613849150.252336
 01 11 BC 22 56 14 5E 0B 00 00

001:006:000:STREAM             1613849150.258364
 01 11 BC 22 56 14 68 0B 00 00

001:006:000:STREAM             1613849150.265305
 01 11 BC 22 56 14 70 0B 00 00

001:006:000:STREAM             1613849150.271138
 01 11 BC 22 56 14 75 0B 00 00

001:006:000:STREAM             1613849150.278388
 01 11 BC 22 56 14 76 0B 00 00

001:006:000:STREAM             1613849150.284214
 01 11 BC 22 56 14 73 0B 00 00

001:006:000:STREAM             1613849150.291206
 01 11 BC 22 56 14 71 0B 00 00

001:006:000:STREAM             1613849150.297296
 01 11 BC 22 56 14 76 0B 00 00

001:006:000:STREAM             1613849150.304139
 01 11 BC 22 56 14 78 0B 00 00

001:006:000:STREAM             1613849150.310207
 01 11 BC 22 56 14 84 0B 00 00

001:006:000:STREAM             1613849150.317332
 01 11 BC 22 56 14 9D 0B 00 00

001:006:000:STREAM             1613849150.323425
 01 11 BC 22 56 14 B4 0B 00 00

001:006:000:STREAM             1613849150.330180
 01 11 BC 22 56 14 D0 0B 00 00

001:006:000:STREAM             1613849150.336141
 01 11 BC 22 56 14 E7 0B 00 00

001:006:000:STREAM             1613849150.343177
 01 11 BC 22 56 14 03 0C 00 00

001:006:000:STREAM             1613849150.349375
 01 11 BC 22 56 14 24 0C 00 00

001:006:000:STREAM             1613849150.356213
 01 11 BC 22 56 14 3D 0C 00 00

001:006:000:STREAM             1613849150.362187
 01 11 BC 22 56 14 4D 0C 00 00

001:006:000:STREAM             1613849150.369151
 01 11 BC 22 56 14 5F 0C 00 00

001:006:000:STREAM             1613849150.375361
 01 11 BC 22 56 14 75 0C 00 00

001:006:000:STREAM             1613849150.381377
 01 11 BC 22 56 14 7E 0C 00 00

001:006:000:STREAM             1613849150.388220
 01 11 BC 22 56 14 82 0C 00 00

001:006:000:STREAM             1613849150.394496
 01 11 BC 22 56 14 8D 0C 00 00

001:006:000:STREAM             1613849150.401156
 01 11 BC 22 56 14 89 0C 00 00

001:006:000:STREAM             1613849150.407481
 01 11 BC 22 56 14 7D 0C 00 00

001:006:000:STREAM             1613849150.414419
 01 11 BC 22 56 14 77 0C 00 00

001:006:000:STREAM             1613849150.420392
 01 11 BC 22 59 14 84 0C 00 00

001:006:000:STREAM             1613849150.427190
 01 11 BC 22 59 14 9E 0C 00 00

001:006:000:STREAM             1613849150.434157
 01 11 BC 22 5B 14 B0 0C 00 00

001:006:000:STREAM             1613849150.440127
 01 11 BC 22 5B 14 BB 0C 00 00

001:006:000:STREAM             1613849150.447471
 01 11 BC 22 5B 14 BE 0C 00 00

001:006:000:STREAM             1613849150.453361
 01 11 BC 22 5B 14 C7 0C 00 00

001:006:000:STREAM             1613849150.460232
 01 11 BC 22 5E 14 D2 0C 00 00

001:006:000:STREAM             1613849150.466147
 01 11 BC 22 5E 14 D8 0C 00 00

001:006:000:STREAM             1613849150.473328
 01 11 BC 22 5E 14 E1 0C 00 00

001:006:000:STREAM             1613849150.479533
 01 11 BC 22 5E 14 F1 0C 00 00

001:006:000:STREAM             1613849150.486521
 01 11 BA 22 61 14 0A 0D 00 00

001:006:000:STREAM             1613849150.492307
 01 11 BA 22 61 14 1E 0D 00 00

001:006:000:STREAM             1613849150.499154
 01 11 BA 22 61 14 26 0D 00 00

001:006:000:STREAM             1613849150.505325
 01 11 BA 22 61 14 28 0D 00 00

001:006:000:STREAM             1613849150.511532
 01 11 BA 22 61 14 26 0D 00 00

001:006:000:STREAM             1613849150.518528
 01 11 BA 22 61 14 34 0D 00 00

001:006:000:STREAM             1613849150.524176
 01 11 BA 22 61 14 4D 0D 00 00

001:006:000:STREAM             1613849150.531157
 01 11 BA 22 61 14 60 0D 00 00

001:006:000:STREAM             1613849150.537286
 01 11 BA 22 61 14 6C 0D 00 00

001:006:000:STREAM             1613849150.544160
 01 11 BA 22 61 14 6A 0D 00 00

001:006:000:STREAM             1613849150.550492
 01 11 BA 22 61 14 72 0D 00 00

001:006:000:STREAM             1613849150.557162
 01 11 BA 22 61 14 84 0D 00 00

001:006:000:STREAM             1613849150.563136
 01 11 BA 22 61 14 8C 0D 00 00

001:006:000:STREAM             1613849150.570469
 01 11 BA 22 61 14 A3 0D 00 00

001:006:000:STREAM             1613849150.576517
 01 11 BA 22 61 14 B8 0D 00 00

001:006:000:STREAM             1613849150.583491
 01 11 BA 22 61 14 CF 0D 00 00

001:006:000:STREAM             1613849150.589153
 01 11 BA 22 61 14 E6 0D 00 00

001:006:000:STREAM             1613849150.596101
 01 11 BA 22 61 14 F9 0D 00 00

001:006:000:STREAM             1613849150.602474
 01 11 BA 22 61 14 0D 0E 00 00

001:006:000:STREAM             1613849150.609347
 01 11 BA 22 61 14 0E 0E 00 00

001:006:000:STREAM             1613849150.615228
 01 11 BA 22 61 14 0A 0E 00 00

001:006:000:STREAM             1613849150.622534
 01 11 BA 22 61 14 09 0E 00 00

001:006:000:STREAM             1613849150.628153
 01 11 BA 22 61 14 11 0E 00 00

001:006:000:STREAM             1613849150.635529
 01 11 BA 22 61 14 05 0E 00 00

001:006:000:STREAM             1613849150.641174
 01 11 BA 22 61 14 02 0E 00 00

001:006:000:STREAM             1613849150.648139
 01 11 BA 22 61 14 FA 0D 00 00

001:006:000:STREAM             1613849150.654533
 01 11 BA 22 61 14 F3 0D 00 00

001:006:000:STREAM             1613849150.661338
 01 11 BA 22 61 14 F4 0D 00 00

001:006:000:STREAM             1613849150.667154
 01 11 BA 22 61 14 FF 0D 00 00

001:006:000:STREAM             1613849150.674157
 01 11 BA 22 61 14 09 0E 00 00

001:006:000:STREAM             1613849150.680164
 01 11 BA 22 61 14 07 0E 00 00

001:006:000:STREAM             1613849150.687154
 01 11 BA 22 61 14 03 0E 00 00

001:006:000:STREAM             1613849150.693158
 01 11 BA 22 61 14 00 0E 00 00

001:006:000:STREAM             1613849150.700325
 01 11 BC 22 61 14 15 0E 00 00

001:006:000:STREAM             1613849150.706465
 01 11 BC 22 61 14 20 0E 00 00

001:006:000:STREAM             1613849150.713293
 01 11 BC 22 61 14 27 0E 00 00

001:006:000:STREAM             1613849150.719151
 01 11 BC 22 61 14 26 0E 00 00

001:006:000:STREAM             1613849150.726152
 01 11 BC 22 61 14 33 0E 00 00

001:006:000:STREAM             1613849150.732241
 01 11 BC 22 61 14 44 0E 00 00

001:006:000:STREAM             1613849150.739465
 01 11 BC 22 61 14 45 0E 00 00

001:006:000:STREAM             1613849150.745156
 01 11 BC 22 61 14 4C 0E 00 00

001:006:000:STREAM             1613849150.752224
 01 11 BC 22 61 14 4F 0E 00 00

001:006:000:STREAM             1613849150.758389
 01 11 BC 22 61 14 58 0E 00 00

001:006:000:STREAM             1613849150.765368
 01 11 BC 22 61 14 58 0E 00 00

001:006:000:STREAM             1613849150.771205
 01 11 BC 22 61 14 66 0E 00 00

001:006:000:STREAM             1613849150.778333
 01 11 BC 22 61 14 69 0E 00 00

001:006:000:STREAM             1613849150.784221
 01 11 BC 22 61 14 60 0E 00 00

001:006:000:STREAM             1613849150.791315
 01 11 BC 22 61 14 61 0E 00 00

001:006:000:STREAM             1613849150.797147
 01 11 BC 22 63 14 53 0E 00 00

001:006:000:STREAM             1613849150.804162
 01 11 BF 22 66 14 60 0E 00 00

001:006:000:STREAM             1613849150.810534
 01 11 BF 22 66 14 6D 0E 00 00

001:006:000:STREAM             1613849150.817190
 01 11 BC 22 69 14 77 0E 00 00

001:006:000:STREAM             1613849150.823149
 01 11 BC 22 69 14 86 0E 00 00

001:006:000:STREAM             1613849150.830535
 01 11 BC 22 69 14 9E 0E 00 00

001:006:000:STREAM             1613849150.836307
 01 11 BA 22 69 14 B7 0E 00 00

001:006:000:STREAM             1613849150.843336
 01 11 BC 22 69 14 E2 0E 00 00

001:006:000:STREAM             1613849150.849201
 01 11 BC 22 69 14 FD 0E 00 00

001:006:000:STREAM             1613849150.856533
 01 11 BC 22 69 14 12 0F 00 00

001:006:000:STREAM             1613849150.862356
 01 11 BC 22 69 14 22 0F 00 00

001:006:000:STREAM             1613849150.869176
 01 11 BC 22 69 14 29 0F 00 00

001:006:000:STREAM             1613849150.875393
 01 11 BC 22 69 14 24 0F 00 00

001:006:000:STREAM             1613849150.882164
 01 11 BC 22 69 14 1F 0F 00 00

001:006:000:STREAM             1613849150.888512
 01 11 BC 22 69 14 22 0F 00 00

001:006:000:STREAM             1613849150.895154
 01 11 BC 22 69 14 19 0F 00 00

001:006:000:STREAM             1613849150.901353
 01 11 BA 22 69 14 10 0F 00 00

001:006:000:STREAM             1613849150.908158
 01 11 BA 22 69 14 07 0F 00 00

001:006:000:STREAM             1613849150.914161
 01 11 BA 22 69 14 F1 0E 00 00

001:006:000:STREAM             1613849150.921165
 01 11 BA 22 69 14 E0 0E 00 00

001:006:000:STREAM             1613849150.927130
 01 11 B7 22 66 14 C7 0E 00 00

001:006:000:STREAM             1613849150.934152
 01 11 B7 22 69 14 B2 0E 00 00

001:006:000:STREAM             1613849150.940064
 01 11 B7 22 69 14 97 0E 00 00

001:006:000:STREAM             1613849150.947071
 01 11 B7 22 69 14 82 0E 00 00

001:006:000:STREAM             1613849150.953064
 01 11 B7 22 69 14 6C 0E 00 00

001:006:000:STREAM             1613849150.960068
 01 11 B7 22 69 14 5C 0E 00 00

001:006:000:STREAM             1613849150.966067
 01 11 B7 22 69 14 55 0E 00 00

001:006:000:STREAM             1613849150.973103
 01 11 B7 22 69 14 49 0E 00 00

001:006:000:STREAM             1613849150.979106
 01 11 BA 22 69 14 56 0E 00 00

001:006:000:STREAM             1613849150.986076
 01 11 BA 22 69 14 67 0E 00 00

001:006:000:STREAM             1613849150.992117
 01 11 BA 22 69 14 73 0E 00 00

001:006:000:STREAM             1613849150.999161
 01 11 BC 22 69 14 7C 0E 00 00

001:006:000:STREAM             1613849151.005351
 01 11 BC 22 69 14 8A 0E 00 00

001:006:000:STREAM             1613849151.012355
 01 11 BC 22 69 14 A4 0E 00 00

001:006:000:STREAM             1613849151.018158
 01 11 BC 22 69 14 A3 0E 00 00

001:006:000:STREAM             1613849151.025427
 01 11 BC 22 69 14 B7 0E 00 00

001:006:000:STREAM             1613849151.031602
 01 11 BC 22 69 14 C0 0E 00 00

001:006:000:STREAM             1613849151.038114
 01 11 BC 22 69 14 D6 0E 00 00

001:006:000:STREAM             1613849151.044240
 01 11 BC 22 69 14 EE 0E 00 00

001:006:000:STREAM             1613849151.051322
 01 11 BC 22 69 14 F1 0E 00 00

001:006:000:STREAM             1613849151.057229
 01 11 BC 22 69 14 13 0F 00 00

001:006:000:STREAM             1613849151.064571
 01 11 BC 22 69 14 2A 0F 00 00

001:006:000:STREAM             1613849151.070198
 01 11 BC 22 69 14 52 0F 00 00

001:006:000:STREAM             1613849151.077385
 01 11 BC 22 69 14 75 0F 00 00

001:006:000:STREAM             1613849151.083391
 01 11 BC 22 69 14 77 0F 00 00

001:006:000:STREAM             1613849151.090207
 01 11 BC 22 69 14 80 0F 00 00

001:006:000:STREAM             1613849151.096522
 01 11 BC 22 69 14 77 0F 00 00

001:006:000:STREAM             1613849151.103148
 01 11 BC 22 69 14 5F 0F 00 00

001:006:000:STREAM             1613849151.109183
 01 11 BA 22 66 14 40 0F 00 00

001:006:000:STREAM             1613849151.116226
 01 11 B7 22 66 14 12 0F 00 00

001:006:000:STREAM             1613849151.122447
 01 11 BA 22 66 14 FB 0E 00 00

001:006:000:STREAM             1613849151.129136
 01 11 BA 22 66 14 CA 0E 00 00

001:006:000:STREAM             1613849151.135154
 01 11 BA 22 66 14 B6 0E 00 00

001:006:000:STREAM             1613849151.142533
 01 11 BA 22 66 14 AD 0E 00 00

001:006:000:STREAM             1613849151.148236
 01 11 BA 22 66 14 BA 0E 00 00

001:006:000:STREAM             1613849151.155096
 01 11 BA 22 66 14 B0 0E 00 00

001:006:000:STREAM             1613849151.161345
 01 11 BC 22 66 14 CB 0E 00 00

001:006:000:STREAM             1613849151.168214
 01 11 BC 22 66 14 D9 0E 00 00

001:006:000:STREAM             1613849151.174161
 01 11 BA 22 69 14 E9 0E 00 00

001:006:000:STREAM             1613849151.181155
 01 11 BA 22 69 14 F3 0E 00 00

001:006:000:STREAM             1613849151.187559
 01 11 BA 22 69 14 AC 0E 00 00

001:006:000:STREAM             1613849151.194199
 01 11 B7 22 66 14 7B 0E 00 00

001:006:000:STREAM             1613849151.200322
 01 11 B7 22 66 14 6F 0E 00 00

001:006:000:STREAM             1613849151.207381
 01 11 B7 22 66 14 6C 0E 00 00

001:006:000:STREAM             1613849151.213401
 01 11 B7 22 66 14 50 0E 00 00

001:006:000:STREAM             1613849151.220328
 01 11 B7 22 66 14 3C 0E 00 00

001:006:000:STREAM             1613849151.226150
 01 11 B7 22 66 14 4B 0E 00 00

001:006:000:STREAM             1613849151.233392
 01 11 BA 22 66 14 8B 0E 00 00

001:006:000:STREAM             1613849151.239525
 01 11 BA 22 66 14 BB 0E 00 00

001:006:000:STREAM             1613849151.246548
 01 11 BA 22 66 14 EE 0E 00 00

001:006:000:STREAM             1613849151.252170
 01 11 B7 22 66 14 03 0F 00 00

001:006:000:STREAM             1613849151.259203
 01 11 B7 22 66 14 06 0F 00 00

001:006:000:STREAM             1613849151.265399
 01 11 B7 22 66 14 25 0F 00 00

001:006:000:STREAM             1613849151.272551
 01 11 B7 22 66 14 40 0F 00 00

001:006:000:STREAM             1613849151.278201
 01 11 B7 22 66 14 3B 0F 00 00

001:006:000:STREAM             1613849151.285545
 01 11 B7 22 66 14 15 0F 00 00

001:006:000:STREAM             1613849151.291198
 01 11 B7 22 66 14 D8 0E 00 00

001:006:000:STREAM             1613849151.298540
 01 11 B7 22 66 14 A4 0E 00 00

001:006:000:STREAM             1613849151.304335
 01 11 B7 22 66 14 73 0E 00 00

001:006:000:STREAM             1613849151.311129
 01 11 BA 22 66 14 69 0E 00 00

001:006:000:STREAM             1613849151.317406
 01 11 BA 22 66 14 44 0E 00 00

001:006:000:STREAM             1613849151.324221
 01 11 B7 22 66 14 17 0E 00 00

001:006:000:STREAM             1613849151.330164
 01 11 B7 22 66 14 F7 0D 00 00

001:006:000:STREAM             1613849151.337361
 01 11 B7 22 63 14 FD 0D 00 00

001:006:000:STREAM             1613849151.343547
 01 11 B7 22 63 14 EF 0D 00 00

001:006:000:STREAM             1613849151.350210
 01 11 B7 22 63 14 E5 0D 00 00

001:006:000:STREAM             1613849151.356154
 01 11 B4 22 63 14 C8 0D 00 00

001:006:000:STREAM             1613849151.363565
 01 11 B4 22 63 14 DC 0D 00 00

001:006:000:STREAM             1613849151.370531
 01 11 B2 22 63 14 FC 0D 00 00

001:006:000:STREAM             1613849151.376384
 01 11 B2 22 63 14 8F 0E 00 00

001:006:000:STREAM             1613849151.382550
 01 11 B2 22 63 14 F6 0E 00 00

001:006:000:STREAM             1613849151.389195
 01 11 B2 22 63 14 27 0F 00 00

001:006:000:STREAM             1613849151.395566
 01 11 B2 22 63 14 59 0F 00 00

001:006:000:STREAM             1613849151.402177
 01 11 B2 22 63 14 65 0F 00 00

001:006:000:STREAM             1613849151.408371
 01 11 B2 22 63 14 73 0F 00 00

001:006:000:STREAM             1613849151.415535
 01 11 AF 22 63 14 48 0F 00 00

001:006:000:STREAM             1613849151.421185
 01 11 AF 22 63 14 28 0F 00 00

001:006:000:STREAM             1613849151.428233
 01 11 AF 22 63 14 D2 0E 00 00

001:006:000:STREAM             1613849151.434357
 01 11 AF 22 63 14 76 0E 00 00

001:006:000:STREAM             1613849151.441308
 01 11 AF 22 63 14 1F 0E 00 00

001:006:000:STREAM             1613849151.447551
 01 11 AF 22 63 14 D8 0D 00 00

001:006:000:STREAM             1613849151.454147
 01 11 AF 22 63 14 A0 0D 00 00

001:006:000:STREAM             1613849151.460351
 01 11 AA 22 61 14 66 0D 00 00

001:006:000:STREAM             1613849151.467535
 01 11 AA 22 61 14 34 0D 00 00

001:006:000:STREAM             1613849151.473555
 01 11 AA 22 61 14 0C 0D 00 00

001:006:000:STREAM             1613849151.480226
 01 11 AA 22 61 14 08 0D 00 00

001:006:000:STREAM             1613849151.486228
 01 11 A7 22 61 14 10 0D 00 00

001:006:000:STREAM             1613849151.493223
 01 11 A7 22 61 14 2A 0D 00 00

001:006:000:STREAM             1613849151.499590
 01 11 A5 22 5E 14 34 0D 00 00

001:006:000:STREAM             1613849151.506439
 01 11 A5 22 5E 14 32 0D 00 00

001:006:000:STREAM             1613849151.512247
 01 11 A5 22 5E 14 3C 0D 00 00

001:006:000:STREAM             1613849151.519417
 01 11 9F 22 61 14 3A 0D 00 00

001:006:000:STREAM             1613849151.525183
 01 11 9F 22 61 14 27 0D 00 00

001:006:000:STREAM             1613849151.532173
 01 11 9F 22 61 14 2B 0D 00 00

001:006:000:STREAM             1613849151.538517
 01 11 9F 22 61 14 43 0D 00 00

001:006:000:STREAM             1613849151.545183
 01 11 9F 22 61 14 57 0D 00 00

001:006:000:STREAM             1613849151.551368
 01 11 9F 22 61 14 6C 0D 00 00

001:006:000:STREAM             1613849151.558189
 01 11 9F 22 61 14 75 0D 00 00

001:006:000:STREAM             1613849151.564174
 01 11 9F 22 61 14 67 0D 00 00

001:006:000:STREAM             1613849151.571580
 01 11 9F 22 61 14 52 0D 00 00

001:006:000:STREAM             1613849151.577180
 01 11 9F 22 61 14 35 0D 00 00

001:006:000:STREAM             1613849151.584470
 01 11 9F 22 61 14 04 0D 00 00

001:006:000:STREAM             1613849151.590519
 01 11 9F 22 61 14 DC 0C 00 00

001:006:000:STREAM             1613849151.597394
 01 11 9F 22 61 14 C4 0C 00 00

001:006:000:STREAM             1613849151.603393
 01 11 9F 22 61 14 6A 0C 00 00

001:006:000:STREAM             1613849151.610158
 01 11 9F 22 61 14 37 0C 00 00

001:006:000:STREAM             1613849151.616563
 01 11 9D 22 5E 14 36 0C 00 00

001:006:000:STREAM             1613849151.623537
 01 11 9D 22 5E 14 2E 0C 00 00

001:006:000:STREAM             1613849151.629381
 01 11 9D 22 5E 14 40 0C 00 00

001:006:000:STREAM             1613849151.636160
 01 11 9D 22 5E 14 6C 0C 00 00

001:006:000:STREAM             1613849151.642200
 01 11 9D 22 5E 14 B4 0C 00 00

001:006:000:STREAM             1613849151.649344
 01 11 9D 22 5E 14 09 0D 00 00

001:006:000:STREAM             1613849151.655542
 01 11 9D 22 5E 14 6F 0D 00 00

001:006:000:STREAM             1613849151.662544
 01 11 9D 22 5E 14 C6 0D 00 00

001:006:000:STREAM             1613849151.668414
 01 11 9D 22 5E 14 2A 0E 00 00

001:006:000:STREAM             1613849151.675206
 01 11 9D 22 5E 14 5F 0E 00 00

001:006:000:STREAM             1613849151.681221
 01 11 9D 22 5E 14 82 0E 00 00

001:006:000:STREAM             1613849151.688523
 01 11 9D 22 5E 14 AD 0E 00 00

001:006:000:STREAM             1613849151.694526
 01 11 9D 22 5E 14 E5 0E 00 00

001:006:000:STREAM             1613849151.701344
 01 11 9D 22 5E 14 EA 0E 00 00

001:006:000:STREAM             1613849151.707174
 01 11 9D 22 5E 14 E4 0E 00 00

001:006:000:STREAM             1613849151.714550
 01 11 9D 22 5E 14 F1 0E 00 00

001:006:000:STREAM             1613849151.720526
 01 11 9D 22 5E 14 DA 0E 00 00

001:006:000:STREAM             1613849151.727549
 01 11 9D 22 5E 14 CF 0E 00 00

001:006:000:STREAM             1613849151.733161
 01 11 9D 22 5E 14 B6 0E 00 00

001:006:000:STREAM             1613849151.740106
 01 11 9D 22 5E 14 8E 0E 00 00

001:006:000:STREAM             1613849151.746176
 01 11 9D 22 5E 14 8B 0E 00 00

001:006:000:STREAM             1613849151.753312
 01 11 9D 22 5E 14 6D 0E 00 00

001:006:000:STREAM             1613849151.759441
 01 11 9D 22 5E 14 79 0E 00 00

001:006:000:STREAM             1613849151.766557
 01 11 9D 22 5E 14 6A 0E 00 00

001:006:000:STREAM             1613849151.772159
 01 11 9D 22 5E 14 6D 0E 00 00

001:006:000:STREAM             1613849151.779211
 01 11 9D 22 5E 14 5A 0E 00 00

001:006:000:STREAM             1613849151.785176
 01 11 9D 22 5E 14 50 0E 00 00

001:006:000:STREAM             1613849151.792207
 01 11 9D 22 5E 14 5C 0E 00 00

001:006:000:STREAM             1613849151.798509
 01 11 9D 22 5E 14 46 0E 00 00

001:006:000:STREAM             1613849151.805272
 01 11 9D 22 5E 14 36 0E 00 00

001:006:000:STREAM             1613849151.811180
 01 11 9D 22 5E 14 29 0E 00 00

001:006:000:STREAM             1613849151.818507
 01 11 9D 22 5E 14 12 0E 00 00

001:006:000:STREAM             1613849151.824212
 01 11 9D 22 5E 14 16 0E 00 00

001:006:000:STREAM             1613849151.831180
 01 11 9D 22 5E 14 19 0E 00 00

001:006:000:STREAM             1613849151.837131
 01 11 9D 22 5E 14 36 0E 00 00

001:006:000:STREAM             1613849151.844175
 01 11 9D 22 5E 14 52 0E 00 00

001:006:000:STREAM             1613849151.850503
 01 11 9D 22 61 14 88 0E 00 00

001:006:000:STREAM             1613849151.857365
 01 11 9D 22 61 14 AD 0E 00 00

001:006:000:STREAM             1613849151.863162
 01 11 9D 22 61 14 C5 0E 00 00

001:006:000:STREAM             1613849151.870117
 01 11 9D 22 61 14 C4 0E 00 00

001:006:000:STREAM             1613849151.876212
 01 11 9D 22 61 14 BA 0E 00 00

001:006:000:STREAM             1613849151.883522
 01 11 9A 22 5E 14 B4 0E 00 00

001:006:000:STREAM             1613849151.889316
 01 11 9A 22 5E 14 A9 0E 00 00

001:006:000:STREAM             1613849151.896147
 01 11 9A 22 5E 14 93 0E 00 00

001:006:000:STREAM             1613849151.902404
 01 11 9A 22 5E 14 90 0E 00 00

001:006:000:STREAM             1613849151.909175
 01 11 9D 22 5E 14 AC 0E 00 00

001:006:000:STREAM             1613849151.915172
 01 11 9D 22 5E 14 D5 0E 00 00

001:006:000:STREAM             1613849151.922529
 01 11 9D 22 5E 14 D9 0E 00 00

001:006:000:STREAM             1613849151.928197
 01 11 9D 22 5E 14 E0 0E 00 00

001:006:000:STREAM             1613849151.935280
 01 11 9D 22 5E 14 F0 0E 00 00

001:006:000:STREAM             1613849151.941181
 01 11 9D 22 5E 14 19 0F 00 00

001:006:000:STREAM             1613849151.948176
 01 11 9D 22 5E 14 17 0F 00 00

001:006:000:STREAM             1613849151.954359
 01 11 9F 22 5E 14 19 0F 00 00

001:006:000:STREAM             1613849151.961191
 01 11 9F 22 5E 14 20 0F 00 00

001:006:000:STREAM             1613849151.967134
 01 11 9F 22 5E 14 11 0F 00 00

001:006:000:STREAM             1613849151.974195
 01 11 9F 22 5E 14 0A 0F 00 00

001:006:000:STREAM             1613849151.980212
 01 11 9F 22 5E 14 EC 0E 00 00

001:006:000:STREAM             1613849151.987172
 01 11 9F 22 5E 14 C7 0E 00 00

001:006:000:STREAM             1613849151.993168
 01 11 9F 22 5E 14 A7 0E 00 00

001:006:000:STREAM             1613849152.000530
 01 11 9F 22 5E 14 91 0E 00 00

001:006:000:STREAM             1613849152.006512
 01 11 9F 22 5E 14 95 0E 00 00

001:006:000:STREAM             1613849152.013265
 01 11 9F 22 5E 14 78 0E 00 00

001:006:000:STREAM             1613849152.019515
 01 11 9F 22 61 14 70 0E 00 00

001:006:000:STREAM             1613849152.026149
 01 11 9F 22 61 14 75 0E 00 00

001:006:000:STREAM             1613849152.032571
 01 11 9F 22 61 14 9D 0E 00 00

001:006:000:STREAM             1613849152.039216
 01 11 9F 22 61 14 C4 0E 00 00

001:006:000:STREAM             1613849152.045195
 01 11 9F 22 61 14 F7 0E 00 00

001:006:000:STREAM             1613849152.052240
 01 11 9F 22 61 14 35 0F 00 00

001:006:000:STREAM             1613849152.058210
 01 11 9F 22 61 14 6D 0F 00 00

001:006:000:STREAM             1613849152.065225
 01 11 9D 22 61 14 76 0F 00 00

001:006:000:STREAM             1613849152.071196
 01 11 9D 22 61 14 7B 0F 00 00

001:006:000:STREAM             1613849152.078541
 01 11 9D 22 61 14 87 0F 00 00

001:006:000:STREAM             1613849152.084322
 01 11 9D 22 61 14 7E 0F 00 00

001:006:000:STREAM             1613849152.091176
 01 11 9D 22 61 14 5D 0F 00 00

001:006:000:STREAM             1613849152.097330
 01 11 9D 22 61 14 4E 0F 00 00

001:006:000:STREAM             1613849152.104526
 01 11 9D 22 61 14 1F 0F 00 00

001:006:000:STREAM             1613849152.110135
 01 11 9D 22 61 14 F8 0E 00 00

001:006:000:STREAM             1613849152.117118
 01 11 9D 22 63 14 DA 0E 00 00

001:006:000:STREAM             1613849152.123118
 01 11 9D 22 63 14 63 0E 00 00

001:006:000:STREAM             1613849152.130123
 01 11 9D 22 63 14 17 0E 00 00

001:006:000:STREAM             1613849152.136156
 01 11 9F 22 61 14 F5 0D 00 00

001:006:000:STREAM             1613849152.143142
 01 11 9F 22 61 14 CF 0D 00 00

001:006:000:STREAM             1613849152.149127
 01 11 9D 22 61 14 9F 0D 00 00

001:006:000:STREAM             1613849152.156125
 01 11 9D 22 61 14 AA 0D 00 00

001:006:000:STREAM             1613849152.162683
 01 11 9D 22 61 14 DE 0D 00 00

001:006:000:STREAM             1613849152.169487
 01 11 9D 22 61 14 00 0E 00 00

001:006:000:STREAM             1613849152.175131
 01 11 9D 22 61 14 3E 0E 00 00

001:006:000:STREAM             1613849152.182137
 01 11 9D 22 61 14 52 0E 00 00

001:006:000:STREAM             1613849152.188121
 01 11 9D 22 61 14 48 0E 00 00

001:006:000:STREAM             1613849152.195154
 01 11 9D 22 61 14 20 0E 00 00

001:006:000:STREAM             1613849152.201423
 01 11 9D 22 61 14 03 0E 00 00

001:006:000:STREAM             1613849152.208434
 01 11 9D 22 61 14 C7 0D 00 00

001:006:000:STREAM             1613849152.214116
 01 11 9D 22 61 14 3C 0D 00 00

001:006:000:STREAM             1613849152.221407
 01 11 9D 22 61 14 DB 0C 00 00

001:006:000:STREAM             1613849152.227613
 01 11 9D 22 61 14 A6 0C 00 00

001:006:000:STREAM             1613849152.234527
 01 11 9D 22 61 14 92 0C 00 00

001:006:000:STREAM             1613849152.240162
 01 11 9A 22 5E 14 A0 0C 00 00

001:006:000:STREAM             1613849152.247275
 01 11 9D 22 5E 14 E2 0C 00 00

001:006:000:STREAM             1613849152.253376
 01 11 9D 22 5E 14 1B 0D 00 00

001:006:000:STREAM             1613849152.260369
 01 11 9D 22 5E 14 4E 0D 00 00

001:006:000:STREAM             1613849152.266195
 01 11 9D 22 5E 14 7F 0D 00 00

001:006:000:STREAM             1613849152.273189
 01 11 9D 22 5E 14 B9 0D 00 00

001:006:000:STREAM             1613849152.279153
 01 11 9D 22 5E 14 EE 0D 00 00

001:006:000:STREAM             1613849152.286529
 01 11 9D 22 5E 14 2A 0E 00 00

001:006:000:STREAM             1613849152.292207
 01 11 9D 22 5E 14 57 0E 00 00

001:006:000:STREAM             1613849152.299528
 01 11 9A 22 5E 14 81 0E 00 00

001:006:000:STREAM             1613849152.305193
 01 11 9A 22 5E 14 98 0E 00 00

001:006:000:STREAM             1613849152.312432
 01 11 98 22 5E 14 B1 0E 00 00

001:006:000:STREAM             1613849152.318372
 01 11 98 22 5B 14 BE 0E 00 00

001:006:000:STREAM             1613849152.325357
 01 11 98 22 5B 14 A9 0E 00 00

001:006:000:STREAM             1613849152.331524
 01 11 98 22 5B 14 8D 0E 00 00

001:006:000:STREAM             1613849152.338190
 01 11 98 22 5B 14 76 0E 00 00

001:006:000:STREAM             1613849152.344164
 01 11 98 22 5B 14 5C 0E 00 00

001:006:000:STREAM             1613849152.351523
 01 11 98 22 5B 14 2E 0E 00 00

001:006:000:STREAM             1613849152.357203
 01 11 98 22 5B 14 0B 0E 00 00

001:006:000:STREAM             1613849152.364196
 01 11 98 22 5B 14 0C 0E 00 00

001:006:000:STREAM             1613849152.370177
 01 11 98 22 5B 14 FB 0D 00 00

001:006:000:STREAM             1613849152.377399
 01 11 98 22 5B 14 E6 0D 00 00

001:006:000:STREAM             1613849152.383523
 01 11 95 22 5E 14 CA 0D 00 00

001:006:000:STREAM             1613849152.390529
 01 11 95 22 5E 14 C5 0D 00 00

001:006:000:STREAM             1613849152.396297
 01 11 95 22 5E 14 BD 0D 00 00

001:006:000:STREAM             1613849152.403152
 01 11 95 22 5E 14 B7 0D 00 00

001:006:000:STREAM             1613849152.409347
 01 11 95 22 5E 14 B1 0D 00 00

001:006:000:STREAM             1613849152.416529
 01 11 95 22 5E 14 A4 0D 00 00

001:006:000:STREAM             1613849152.422529
 01 11 95 22 5E 14 AC 0D 00 00

001:006:000:STREAM             1613849152.429283
 01 11 95 22 5E 14 AF 0D 00 00

001:006:000:STREAM             1613849152.435149
 01 11 95 22 5E 14 BF 0D 00 00

001:006:000:STREAM             1613849152.442475
 01 11 95 22 5E 14 CC 0D 00 00

001:006:000:STREAM             1613849152.448204
 01 11 95 22 5E 14 D3 0D 00 00

001:006:000:STREAM             1613849152.455171
 01 11 95 22 5E 14 C5 0D 00 00

001:006:000:STREAM             1613849152.461342
 01 11 95 22 5E 14 B6 0D 00 00

001:006:000:STREAM             1613849152.468210
 01 11 95 22 5E 14 96 0D 00 00

001:006:000:STREAM             1613849152.474187
 01 11 95 22 5E 14 85 0D 00 00

001:006:000:STREAM             1613849152.481322
 01 11 95 22 5E 14 75 0D 00 00

001:006:000:STREAM             1613849152.487527
 01 11 95 22 5E 14 58 0D 00 00

001:006:000:STREAM             1613849152.494201
 01 11 95 22 5E 14 24 0D 00 00

001:006:000:STREAM             1613849152.500145
 01 11 95 22 5E 14 F3 0C 00 00

001:006:000:STREAM             1613849152.507378
 01 11 92 22 61 14 AF 0C 00 00

001:006:000:STREAM             1613849152.513330
 01 11 92 22 61 14 4F 0C 00 00

001:006:000:STREAM             1613849152.520219
 01 11 92 22 61 14 D7 0B 00 00

001:006:000:STREAM             1613849152.526261
 01 11 92 22 63 14 40 0B 00 00

001:006:000:STREAM             1613849152.533152
 01 11 92 22 63 14 78 0A 00 00

001:006:000:STREAM             1613849152.539522
 01 11 95 22 63 14 74 09 00 00

001:006:000:STREAM             1613849152.546194
 01 11 9D 22 69 14 F1 07 00 00

001:006:000:STREAM             1613849152.552175
 01 11 9D 22 69 14 03 06 00 00

001:006:000:STREAM             1613849152.559184
 01 11 9A 22 69 14 46 04 00 00

001:006:000:STREAM             1613849152.565143
 01 11 98 22 66 14 BB 02 00 00

001:006:000:STREAM             1613849152.572207
 01 10 98 22 66 14 00 00 00 00

001:006:000:STREAM             1613849152.579161
 01 10 95 22 66 14 00 00 00 00

001:006:000:STREAM             1613849152.585324
 01 10 90 22 69 14 00 00 00 00

001:006:000:STREAM             1613849152.592214
 01 10 8D 22 6B 14 00 00 00 00

001:006:000:STREAM             1613849152.598148
 01 10 8A 22 6E 14 00 00 00 00

001:006:000:STREAM             1613849152.605393
 01 10 88 22 71 14 00 00 00 00

001:006:000:STREAM             1613849152.611489
 01 10 85 22 73 14 00 00 00 00

001:006:000:STREAM             1613849152.618514
 01 10 85 22 73 14 00 00 00 00

001:006:000:STREAM             1613849152.624138
 01 10 85 22 73 14 00 00 00 00

001:006:000:STREAM             1613849152.630112
 01 10 85 22 73 14 00 00 00 00

001:006:000:STREAM             1613849152.637182
 01 10 85 22 73 14 00 00 00 00

001:006:000:STREAM             1613849152.643529
 01 10 85 22 73 14 00 00 00 00

001:006:000:STREAM             1613849152.650156
 01 10 85 22 73 14 00 00 00 00

001:006:000:STREAM             1613849152.656235
 01 10 85 22 73 14 00 00 00 00

001:006:000:STREAM             1613849152.663401
 01 10 85 22 73 14 00 00 00 00

001:006:000:STREAM             1613849152.669389
 01 10 85 22 73 14 00 00 00 00

001:006:000:STREAM             1613849152.676454
 01 10 85 22 73 14 00 00 00 00

001:006:000:STREAM             1613849152.682504
 01 10 85 22 73 14 00 00 00 00

001:006:000:STREAM             1613849152.689181
 01 10 85 22 73 14 00 00 00 00

001:006:000:STREAM             1613849152.695250
 01 10 85 22 73 14 00 00 00 00

001:006:000:STREAM             1613849152.702562
 01 10 85 22 73 14 00 00 00 00

001:006:000:STREAM             1613849152.708226
 01 10 85 22 73 14 00 00 00 00

001:006:000:STREAM             1613849152.715383
 01 10 82 22 76 14 00 00 00 00

001:006:000:STREAM             1613849152.721183
 01 10 80 22 7B 14 00 00 00 00

001:006:000:STREAM             1613849152.728207
 01 10 7D 22 81 14 00 00 00 00

001:006:000:STREAM             1613849152.734560
 01 10 7B 22 86 14 00 00 00 00

001:006:000:STREAM             1613849152.741346
 01 10 7B 22 86 14 00 00 00 00

001:006:000:STREAM             1613849152.747562
 01 10 7B 22 86 14 00 00 00 00

001:006:000:STREAM             1613849152.754140
 01 10 78 22 8B 14 00 00 00 00

001:006:000:STREAM             1613849152.760458
 01 10 75 22 91 14 00 00 00 00

001:006:000:STREAM             1613849152.766560
 01 10 75 22 91 14 00 00 00 00

001:006:000:STREAM             1613849152.773408
 01 10 73 22 96 14 00 00 00 00

001:006:000:STREAM             1613849152.779407
 01 10 73 22 96 14 00 00 00 00

001:006:000:STREAM             1613849152.786207
 01 10 73 22 96 14 00 00 00 00

001:006:000:STREAM             1613849152.792226
 01 10 73 22 96 14 00 00 00 00

001:006:000:STREAM             1613849152.799584
 01 10 70 22 9B 14 00 00 00 00

001:006:000:STREAM             1613849152.805441
 01 10 70 22 9B 14 00 00 00 00

001:006:000:STREAM             1613849152.812258
 01 10 70 22 9B 14 00 00 00 00

001:006:000:STREAM             1613849152.818162
 01 10 70 22 9B 14 00 00 00 00

001:006:000:STREAM             1613849152.825192
 01 10 70 22 9B 14 00 00 00 00

001:006:000:STREAM             1613849152.831572
 01 10 70 22 9B 14 00 00 00 00

001:006:000:STREAM             1613849152.838372
 01 10 70 22 A3 14 00 00 00 00

001:006:000:STREAM             1613849152.844239
 01 10 70 22 A3 14 00 00 00 00

001:006:000:STREAM             1613849152.851145
 01 10 73 22 AE 14 00 00 00 00

001:006:000:STREAM             1613849152.857194
 01 10 73 22 AE 14 00 00 00 00

001:006:000:STREAM             1613849152.863311
 01 10 73 22 AE 14 00 00 00 00

001:006:000:STREAM             1613849152.870528
 01 10 73 22 AE 14 00 00 00 00

001:006:000:STREAM             1613849152.876228
 01 10 73 22 AE 14 00 00 00 00

001:006:000:STREAM             1613849152.883197
 01 10 73 22 AE 14 00 00 00 00

001:006:000:STREAM             1613849152.889376
 01 10 73 22 AE 14 00 00 00 00

001:006:000:STREAM             1613849152.896251
 01 10 73 22 AE 14 00 00 00 00

001:006:000:STREAM             1613849152.902189
 01 10 73 22 AE 14 00 00 00 00

001:006:000:STREAM             1613849152.909394
 01 10 73 22 AE 14 00 00 00 00

001:006:000:STREAM             1613849152.915196
 01 10 73 22 AE 14 00 00 00 00

001:006:000:STREAM             1613849152.922574
 01 10 73 22 AE 14 00 00 00 00

001:006:000:STREAM             1613849152.928215
 01 10 73 22 AE 14 00 00 00 00

001:006:000:STREAM             1613849152.935212
 01 10 73 22 AE 14 00 00 00 00

001:006:000:STREAM             1613849152.941164
 01 10 73 22 AE 14 00 00 00 00

001:006:000:STREAM             1613849152.947171
 01 10 73 22 AE 14 00 00 00 00

001:006:000:STREAM             1613849152.954168
 01 10 73 22 AE 14 00 00 00 00

001:006:000:STREAM             1613849152.960167
 01 10 73 22 AE 14 00 00 00 00

001:006:000:STREAM             1613849152.967170
 01 10 73 22 AE 14 00 00 00 00

001:006:000:STREAM             1613849152.973170
 01 10 73 22 AE 14 00 00 00 00

001:006:000:STREAM             1613849152.980172
 01 10 73 22 AE 14 00 00 00 00

001:006:000:STREAM             1613849152.986190
 01 10 73 22 AE 14 00 00 00 00

001:006:000:STREAM             1613849152.993152
 01 10 73 22 AE 14 00 00 00 00

001:006:000:STREAM             1613849152.999140
 01 10 73 22 AE 14 00 00 00 00

001:006:000:STREAM             1613849153.006135
 01 10 73 22 AE 14 00 00 00 00

001:006:000:STREAM             1613849153.012152
 01 10 73 22 AE 14 00 00 00 00

001:006:000:STREAM             1613849153.031176
 01 00 73 22 AE 14 00 00 00 00

