001:006:000:STREAM             1613848940.381853
 01 10 4B 23 90 15 00 00 00 00

001:006:000:STREAM             1613848940.387672
 01 10 4B 23 90 15 00 00 00 00

001:006:000:STREAM             1613848940.394533
 01 10 4B 23 90 15 00 00 00 00

001:006:000:STREAM             1613848940.400585
 01 10 4B 23 90 15 00 00 00 00

001:006:000:STREAM             1613848940.407926
 01 10 4B 23 90 15 00 00 00 00

001:006:000:STREAM             1613848940.413524
 01 10 40 23 90 15 00 00 00 00

001:006:000:STREAM             1613848940.420538
 01 10 40 23 90 15 00 00 00 00

001:006:000:STREAM             1613848940.426721
 01 10 38 23 90 15 00 00 00 00

001:006:000:STREAM             1613848940.433825
 01 10 30 23 8B 15 00 00 00 00

001:006:000:STREAM             1613848940.439550
 01 10 28 23 88 15 00 00 00 00

001:006:000:STREAM             1613848940.446797
 01 10 20 23 83 15 00 00 00 00

001:006:000:STREAM             1613848940.452787
 01 10 19 23 80 15 00 00 00 00

001:006:000:STREAM             1613848940.459924
 01 10 11 23 7D 15 00 00 00 00

001:006:000:STREAM             1613848940.465562
 01 10 11 23 7D 15 00 00 00 00

001:006:000:STREAM             1613848940.471582
 01 10 09 23 7D 15 00 00 00 00

001:006:000:STREAM             1613848940.478853
 01 10 01 23 7D 15 00 00 00 00

001:006:000:STREAM             1613848940.484663
 01 10 F6 22 7B 15 00 00 00 00

001:006:000:STREAM             1613848940.491550
 01 11 EE 22 7B 15 64 07 00 00

001:006:000:STREAM             1613848940.497884
 01 11 EC 22 78 15 68 07 00 00

001:006:000:STREAM             1613848940.504594
 01 11 EC 22 78 15 6B 07 00 00

001:006:000:STREAM             1613848940.510939
 01 11 EC 22 78 15 68 07 00 00

001:006:000:STREAM             1613848940.517763
 01 11 EC 22 78 15 5A 07 00 00

001:006:000:STREAM             1613848940.523578
 01 11 EE 22 75 15 41 07 00 00

001:006:000:STREAM             1613848940.530922
 01 11 F4 22 73 15 21 07 00 00

001:006:000:STREAM             1613848940.536561
 01 11 F9 22 70 15 F5 06 00 00

001:006:000:STREAM             1613848940.543549
 01 11 01 23 6D 15 B6 06 00 00

001:006:000:STREAM             1613848940.549867
 01 11 09 23 6B 15 38 06 00 00

001:006:000:STREAM             1613848940.556670
 01 11 13 23 63 15 61 05 00 00

001:006:000:STREAM             1613848940.563925
 01 11 19 23 60 15 0A 04 00 00

001:006:000:STREAM             1613848940.569547
 01 11 1B 23 5E 15 CE 02 00 00

001:006:000:STREAM             1613848940.576668
 01 10 1B 23 5E 15 00 00 00 00

001:006:000:STREAM             1613848940.582900
 01 10 20 23 5E 15 00 00 00 00

001:006:000:STREAM             1613848940.588620
 01 10 26 23 63 15 00 00 00 00

001:006:000:STREAM             1613848940.595549
 01 10 2B 23 6B 15 00 00 00 00

001:006:000:STREAM             1613848940.601535
 01 10 33 23 75 15 00 00 00 00

001:006:000:STREAM             1613848940.608641
 01 10 3D 23 85 15 00 00 00 00

001:006:000:STREAM             1613848940.614941
 01 10 48 23 95 15 00 00 00 00

001:006:000:STREAM             1613848940.634595
 01 00 48 23 95 15 00 00 00 00

