001:006:000:STREAM             1613848854.797991
 01 10 FD 28 A3 0A 00 00 00 00

001:006:000:STREAM             1613848854.803983
 01 10 FD 28 A3 0A 00 00 00 00

001:006:000:STREAM             1613848854.810979
 01 10 FD 28 A3 0A 00 00 00 00

001:006:000:STREAM             1613848854.817098
 01 10 F2 28 AD 0A 00 00 00 00

001:006:000:STREAM             1613848854.823998
 01 10 E8 28 BD 0A 00 00 00 00

001:006:000:STREAM             1613848854.829981
 01 10 E0 28 D2 0A 00 00 00 00

001:006:000:STREAM             1613848854.836968
 01 10 DB 28 ED 0A 00 00 00 00

001:006:000:STREAM             1613848854.842991
 01 10 D3 28 05 0B 00 00 00 00

001:006:000:STREAM             1613848854.849991
 01 10 C8 28 22 0B 00 00 00 00

001:006:000:STREAM             1613848854.855955
 01 10 C3 28 3D 0B 00 00 00 00

001:006:000:STREAM             1613848854.863214
 01 10 BE 28 55 0B 00 00 00 00

001:006:000:STREAM             1613848854.869010
 01 10 B9 28 6D 0B 00 00 00 00

001:006:000:STREAM             1613848854.876243
 01 10 B9 28 7F 0B 00 00 00 00

001:006:000:STREAM             1613848854.882217
 01 10 BB 28 8F 0B 00 00 00 00

001:006:000:STREAM             1613848854.888961
 01 10 BB 28 8F 0B 00 00 00 00

001:006:000:STREAM             1613848854.895461
 01 10 BB 28 8F 0B 00 00 00 00

001:006:000:STREAM             1613848854.901206
 01 10 C6 28 97 0B 00 00 00 00

001:006:000:STREAM             1613848854.908390
 01 10 D3 28 9D 0B 00 00 00 00

001:006:000:STREAM             1613848854.914410
 01 10 E3 28 9F 0B 00 00 00 00

001:006:000:STREAM             1613848854.920999
 01 10 E3 28 9F 0B 00 00 00 00

001:006:000:STREAM             1613848854.927384
 01 10 ED 28 A5 0B 00 00 00 00

001:006:000:STREAM             1613848854.934012
 01 10 FA 28 AA 0B 00 00 00 00

001:006:000:STREAM             1613848854.940320
 01 10 FA 28 AA 0B 00 00 00 00

001:006:000:STREAM             1613848854.947216
 01 10 FA 28 AA 0B 00 00 00 00

001:006:000:STREAM             1613848854.953042
 01 10 FA 28 AA 0B 00 00 00 00

001:006:000:STREAM             1613848854.960000
 01 10 08 29 B7 0B 00 00 00 00

001:006:000:STREAM             1613848854.966368
 01 10 08 29 B7 0B 00 00 00 00

001:006:000:STREAM             1613848854.973172
 01 10 0F 29 C7 0B 00 00 00 00

001:006:000:STREAM             1613848854.979177
 01 10 0F 29 C7 0B 00 00 00 00

001:006:000:STREAM             1613848854.985053
 01 10 0F 29 C7 0B 00 00 00 00

001:006:000:STREAM             1613848854.992395
 01 10 1A 29 DA 0B 00 00 00 00

001:006:000:STREAM             1613848854.998342
 01 10 1A 29 DA 0B 00 00 00 00

001:006:000:STREAM             1613848855.005159
 01 10 1A 29 DA 0B 00 00 00 00

001:006:000:STREAM             1613848855.011043
 01 10 1A 29 DA 0B 00 00 00 00

001:006:000:STREAM             1613848855.018046
 01 10 1A 29 DA 0B 00 00 00 00

001:006:000:STREAM             1613848855.024409
 01 10 1A 29 DA 0B 00 00 00 00

001:006:000:STREAM             1613848855.031158
 01 10 1A 29 DA 0B 00 00 00 00

001:006:000:STREAM             1613848855.037226
 01 10 1A 29 DA 0B 00 00 00 00

001:006:000:STREAM             1613848855.043190
 01 10 1A 29 DA 0B 00 00 00 00

001:006:000:STREAM             1613848855.050010
 01 10 12 29 EA 0B 00 00 00 00

001:006:000:STREAM             1613848855.056421
 01 10 0A 29 FA 0B 00 00 00 00

001:006:000:STREAM             1613848855.063043
 01 10 FA 28 0F 0C 00 00 00 00

001:006:000:STREAM             1613848855.069151
 01 10 E5 28 24 0C 00 00 00 00

001:006:000:STREAM             1613848855.076065
 01 10 D0 28 3A 0C 00 00 00 00

001:006:000:STREAM             1613848855.082042
 01 10 B9 28 4C 0C 00 00 00 00

001:006:000:STREAM             1613848855.089035
 01 10 A3 28 5F 0C 00 00 00 00

001:006:000:STREAM             1613848855.095042
 01 10 8E 28 72 0C 00 00 00 00

001:006:000:STREAM             1613848855.102080
 01 10 79 28 82 0C 00 00 00 00

001:006:000:STREAM             1613848855.108381
 01 10 67 28 8C 0C 00 00 00 00

001:006:000:STREAM             1613848855.115046
 01 10 5A 28 94 0C 00 00 00 00

001:006:000:STREAM             1613848855.121069
 01 10 5A 28 94 0C 00 00 00 00

001:006:000:STREAM             1613848855.128400
 01 10 5A 28 94 0C 00 00 00 00

001:006:000:STREAM             1613848855.134059
 01 10 5A 28 94 0C 00 00 00 00

001:006:000:STREAM             1613848855.141236
 01 10 5A 28 94 0C 00 00 00 00

001:006:000:STREAM             1613848855.147048
 01 10 5A 28 94 0C 00 00 00 00

001:006:000:STREAM             1613848855.153211
 01 10 5A 28 94 0C 00 00 00 00

001:006:000:STREAM             1613848855.160020
 01 10 5A 28 94 0C 00 00 00 00

001:006:000:STREAM             1613848855.166008
 01 10 5A 28 94 0C 00 00 00 00

001:006:000:STREAM             1613848855.173176
 01 10 5A 28 94 0C 00 00 00 00

001:006:000:STREAM             1613848855.179046
 01 10 5A 28 94 0C 00 00 00 00

001:006:000:STREAM             1613848855.186028
 01 10 5C 28 8C 0C 00 00 00 00

001:006:000:STREAM             1613848855.192398
 01 10 64 28 84 0C 00 00 00 00

001:006:000:STREAM             1613848855.199392
 01 10 6A 28 7A 0C 00 00 00 00

001:006:000:STREAM             1613848855.205053
 01 10 6F 28 6A 0C 00 00 00 00

001:006:000:STREAM             1613848855.212009
 01 10 74 28 5C 0C 00 00 00 00

001:006:000:STREAM             1613848855.218393
 01 10 79 28 4C 0C 00 00 00 00

001:006:000:STREAM             1613848855.225061
 01 10 81 28 3A 0C 00 00 00 00

001:006:000:STREAM             1613848855.231412
 01 10 87 28 27 0C 00 00 00 00

001:006:000:STREAM             1613848855.238133
 01 10 8E 28 15 0C 00 00 00 00

001:006:000:STREAM             1613848855.244016
 01 10 9C 28 02 0C 00 00 00 00

001:006:000:STREAM             1613848855.251211
 01 10 A9 28 EA 0B 00 00 00 00

001:006:000:STREAM             1613848855.257161
 01 10 B6 28 CF 0B 00 00 00 00

001:006:000:STREAM             1613848855.263292
 01 10 CB 28 B5 0B 00 00 00 00

001:006:000:STREAM             1613848855.270068
 01 10 DB 28 9F 0B 00 00 00 00

001:006:000:STREAM             1613848855.276037
 01 10 E8 28 8D 0B 00 00 00 00

001:006:000:STREAM             1613848855.283128
 01 10 E8 28 8D 0B 00 00 00 00

001:006:000:STREAM             1613848855.289044
 01 10 E8 28 8D 0B 00 00 00 00

001:006:000:STREAM             1613848855.296413
 01 10 E8 28 8D 0B 00 00 00 00

001:006:000:STREAM             1613848855.302161
 01 10 E8 28 8D 0B 00 00 00 00

001:006:000:STREAM             1613848855.309233
 01 10 E8 28 8D 0B 00 00 00 00

001:006:000:STREAM             1613848855.315002
 01 10 FA 28 92 0B 00 00 00 00

001:006:000:STREAM             1613848855.322399
 01 10 05 29 9D 0B 00 00 00 00

001:006:000:STREAM             1613848855.328404
 01 10 0D 29 AD 0B 00 00 00 00

001:006:000:STREAM             1613848855.335059
 01 10 0F 29 BF 0B 00 00 00 00

001:006:000:STREAM             1613848855.341004
 01 10 0D 29 D2 0B 00 00 00 00

001:006:000:STREAM             1613848855.348315
 01 10 05 29 E7 0B 00 00 00 00

001:006:000:STREAM             1613848855.354261
 01 10 F8 28 FF 0B 00 00 00 00

001:006:000:STREAM             1613848855.360402
 01 10 EB 28 12 0C 00 00 00 00

001:006:000:STREAM             1613848855.367059
 01 10 E0 28 1F 0C 00 00 00 00

001:006:000:STREAM             1613848855.373216
 01 10 D3 28 2C 0C 00 00 00 00

001:006:000:STREAM             1613848855.380341
 01 10 C6 28 37 0C 00 00 00 00

001:006:000:STREAM             1613848855.386063
 01 10 C6 28 37 0C 00 00 00 00

001:006:000:STREAM             1613848855.393005
 01 10 C6 28 37 0C 00 00 00 00

001:006:000:STREAM             1613848855.398975
 01 10 BE 28 42 0C 00 00 00 00

001:006:000:STREAM             1613848855.406338
 01 10 B9 28 4C 0C 00 00 00 00

001:006:000:STREAM             1613848855.412338
 01 10 B9 28 5C 0C 00 00 00 00

001:006:000:STREAM             1613848855.419127
 01 10 B9 28 6A 0C 00 00 00 00

001:006:000:STREAM             1613848855.425061
 01 10 B9 28 7A 0C 00 00 00 00

001:006:000:STREAM             1613848855.432053
 01 10 BE 28 87 0C 00 00 00 00

001:006:000:STREAM             1613848855.438400
 01 10 C0 28 92 0C 00 00 00 00

001:006:000:STREAM             1613848855.445246
 01 10 C0 28 92 0C 00 00 00 00

001:006:000:STREAM             1613848855.451209
 01 10 C0 28 92 0C 00 00 00 00

001:006:000:STREAM             1613848855.458065
 01 10 C0 28 92 0C 00 00 00 00

001:006:000:STREAM             1613848855.464019
 01 10 C0 28 92 0C 00 00 00 00

001:006:000:STREAM             1613848855.470343
 01 10 C0 28 92 0C 00 00 00 00

001:006:000:STREAM             1613848855.477052
 01 10 C0 28 92 0C 00 00 00 00

001:006:000:STREAM             1613848855.483142
 01 10 C0 28 92 0C 00 00 00 00

001:006:000:STREAM             1613848855.490024
 01 10 BE 28 9C 0C 00 00 00 00

001:006:000:STREAM             1613848855.495982
 01 10 BE 28 9C 0C 00 00 00 00

001:006:000:STREAM             1613848855.503225
 01 10 BE 28 9C 0C 00 00 00 00

001:006:000:STREAM             1613848855.509179
 01 10 BE 28 9C 0C 00 00 00 00

001:006:000:STREAM             1613848855.516140
 01 10 BE 28 9C 0C 00 00 00 00

001:006:000:STREAM             1613848855.522342
 01 10 BE 28 9C 0C 00 00 00 00

001:006:000:STREAM             1613848855.528052
 01 10 BE 28 9C 0C 00 00 00 00

001:006:000:STREAM             1613848855.535405
 01 10 BE 28 9C 0C 00 00 00 00

001:006:000:STREAM             1613848855.541060
 01 10 BE 28 9C 0C 00 00 00 00

001:006:000:STREAM             1613848855.547997
 01 10 BB 28 AA 0C 00 00 00 00

001:006:000:STREAM             1613848855.554407
 01 10 B9 28 B4 0C 00 00 00 00

001:006:000:STREAM             1613848855.561061
 01 10 B9 28 B4 0C 00 00 00 00

001:006:000:STREAM             1613848855.567051
 01 10 B9 28 B4 0C 00 00 00 00

001:006:000:STREAM             1613848855.574398
 01 10 B9 28 B4 0C 00 00 00 00

001:006:000:STREAM             1613848855.580375
 01 10 B9 28 B4 0C 00 00 00 00

001:006:000:STREAM             1613848855.587142
 01 10 B9 28 B4 0C 00 00 00 00

001:006:000:STREAM             1613848855.593056
 01 10 B9 28 B4 0C 00 00 00 00

001:006:000:STREAM             1613848855.599449
 01 10 B9 28 B4 0C 00 00 00 00

001:006:000:STREAM             1613848855.606440
 01 10 B9 28 B4 0C 00 00 00 00

001:006:000:STREAM             1613848855.612067
 01 10 B9 28 B4 0C 00 00 00 00

001:006:000:STREAM             1613848855.619059
 01 10 B9 28 B4 0C 00 00 00 00

001:006:000:STREAM             1613848855.625071
 01 10 B9 28 B4 0C 00 00 00 00

001:006:000:STREAM             1613848855.632406
 01 10 BB 28 AF 0C 00 00 00 00

001:006:000:STREAM             1613848855.638229
 01 10 BB 28 A7 0C 00 00 00 00

001:006:000:STREAM             1613848855.645079
 01 10 BB 28 9C 0C 00 00 00 00

001:006:000:STREAM             1613848855.651244
 01 10 BE 28 8F 0C 00 00 00 00

001:006:000:STREAM             1613848855.658048
 01 10 BE 28 82 0C 00 00 00 00

001:006:000:STREAM             1613848855.664407
 01 10 C3 28 74 0C 00 00 00 00

001:006:000:STREAM             1613848855.671079
 01 10 C3 28 74 0C 00 00 00 00

001:006:000:STREAM             1613848855.677128
 01 10 C8 28 6A 0C 00 00 00 00

001:006:000:STREAM             1613848855.684031
 01 10 D3 28 64 0C 00 00 00 00

001:006:000:STREAM             1613848855.690044
 01 10 D3 28 64 0C 00 00 00 00

001:006:000:STREAM             1613848855.696406
 01 10 D3 28 64 0C 00 00 00 00

001:006:000:STREAM             1613848855.703219
 01 10 D3 28 64 0C 00 00 00 00

001:006:000:STREAM             1613848855.709177
 01 10 D3 28 64 0C 00 00 00 00

001:006:000:STREAM             1613848855.716030
 01 10 D3 28 64 0C 00 00 00 00

001:006:000:STREAM             1613848855.722048
 01 10 D8 28 5A 0C 00 00 00 00

001:006:000:STREAM             1613848855.729057
 01 10 D8 28 5A 0C 00 00 00 00

001:006:000:STREAM             1613848855.735409
 01 10 D8 28 5A 0C 00 00 00 00

001:006:000:STREAM             1613848855.741183
 01 10 D8 28 5A 0C 00 00 00 00

001:006:000:STREAM             1613848855.748066
 01 10 D8 28 5A 0C 00 00 00 00

001:006:000:STREAM             1613848855.754046
 01 10 D8 28 5A 0C 00 00 00 00

001:006:000:STREAM             1613848855.761182
 01 10 D8 28 5A 0C 00 00 00 00

001:006:000:STREAM             1613848855.767402
 01 10 D8 28 5A 0C 00 00 00 00

001:006:000:STREAM             1613848855.774371
 01 10 D5 28 4C 0C 00 00 00 00

001:006:000:STREAM             1613848855.780064
 01 10 D3 28 42 0C 00 00 00 00

001:006:000:STREAM             1613848855.787051
 01 10 CE 28 37 0C 00 00 00 00

001:006:000:STREAM             1613848855.793193
 01 10 CE 28 2A 0C 00 00 00 00

001:006:000:STREAM             1613848855.800056
 01 10 CE 28 1D 0C 00 00 00 00

001:006:000:STREAM             1613848855.806359
 01 10 D0 28 0F 0C 00 00 00 00

001:006:000:STREAM             1613848855.813076
 01 10 D0 28 02 0C 00 00 00 00

001:006:000:STREAM             1613848855.819128
 01 10 D0 28 02 0C 00 00 00 00

001:006:000:STREAM             1613848855.826059
 01 10 D0 28 F7 0B 00 00 00 00

001:006:000:STREAM             1613848855.832425
 01 10 D0 28 F7 0B 00 00 00 00

001:006:000:STREAM             1613848855.838392
 01 10 D0 28 F7 0B 00 00 00 00

001:006:000:STREAM             1613848855.845076
 01 10 D0 28 F7 0B 00 00 00 00

001:006:000:STREAM             1613848855.851055
 01 10 D0 28 F7 0B 00 00 00 00

001:006:000:STREAM             1613848855.858337
 01 10 D0 28 F7 0B 00 00 00 00

001:006:000:STREAM             1613848855.864412
 01 10 D0 28 F7 0B 00 00 00 00

001:006:000:STREAM             1613848855.871074
 01 10 D0 28 F7 0B 00 00 00 00

001:006:000:STREAM             1613848855.877031
 01 10 C6 28 F2 0B 00 00 00 00

001:006:000:STREAM             1613848855.884415
 01 10 C6 28 F2 0B 00 00 00 00

001:006:000:STREAM             1613848855.890374
 01 10 C6 28 F2 0B 00 00 00 00

001:006:000:STREAM             1613848855.896062
 01 10 C6 28 F2 0B 00 00 00 00

001:006:000:STREAM             1613848855.903240
 01 10 C6 28 F2 0B 00 00 00 00

001:006:000:STREAM             1613848855.909071
 01 10 C6 28 F2 0B 00 00 00 00

001:006:000:STREAM             1613848855.916068
 01 10 C6 28 F2 0B 00 00 00 00

001:006:000:STREAM             1613848855.922064
 01 10 C6 28 F2 0B 00 00 00 00

001:006:000:STREAM             1613848855.929066
 01 10 C6 28 F2 0B 00 00 00 00

001:006:000:STREAM             1613848855.935295
 01 10 C0 28 EA 0B 00 00 00 00

001:006:000:STREAM             1613848855.942125
 01 10 C0 28 EA 0B 00 00 00 00

001:006:000:STREAM             1613848855.948059
 01 10 C0 28 EA 0B 00 00 00 00

001:006:000:STREAM             1613848855.955063
 01 10 BB 28 E2 0B 00 00 00 00

001:006:000:STREAM             1613848855.961216
 01 10 BB 28 E2 0B 00 00 00 00

001:006:000:STREAM             1613848855.968068
 01 10 B3 28 DA 0B 00 00 00 00

001:006:000:STREAM             1613848855.974068
 01 10 B3 28 DA 0B 00 00 00 00

001:006:000:STREAM             1613848855.980087
 01 10 B3 28 DA 0B 00 00 00 00

001:006:000:STREAM             1613848855.987182
 01 10 B3 28 DA 0B 00 00 00 00

001:006:000:STREAM             1613848855.993110
 01 10 B3 28 DA 0B 00 00 00 00

001:006:000:STREAM             1613848856.000107
 01 10 B3 28 DA 0B 00 00 00 00

001:006:000:STREAM             1613848856.006045
 01 10 B3 28 DA 0B 00 00 00 00

001:006:000:STREAM             1613848856.013208
 01 10 B3 28 DA 0B 00 00 00 00

001:006:000:STREAM             1613848856.019107
 01 10 B3 28 DA 0B 00 00 00 00

001:006:000:STREAM             1613848856.026394
 01 10 A9 28 DD 0B 00 00 00 00

001:006:000:STREAM             1613848856.032276
 01 10 A9 28 DD 0B 00 00 00 00

001:006:000:STREAM             1613848856.039016
 01 10 A1 28 DF 0B 00 00 00 00

001:006:000:STREAM             1613848856.045225
 01 10 96 28 E5 0B 00 00 00 00

001:006:000:STREAM             1613848856.052105
 01 10 96 28 E5 0B 00 00 00 00

001:006:000:STREAM             1613848856.058145
 01 10 8C 28 EA 0B 00 00 00 00

001:006:000:STREAM             1613848856.064423
 01 10 81 28 EF 0B 00 00 00 00

001:006:000:STREAM             1613848856.071057
 01 10 81 28 EF 0B 00 00 00 00

001:006:000:STREAM             1613848856.077073
 01 10 81 28 EF 0B 00 00 00 00

001:006:000:STREAM             1613848856.084290
 01 10 81 28 EF 0B 00 00 00 00

001:006:000:STREAM             1613848856.090363
 01 10 81 28 EF 0B 00 00 00 00

001:006:000:STREAM             1613848856.097189
 01 10 81 28 EF 0B 00 00 00 00

001:006:000:STREAM             1613848856.103051
 01 10 81 28 EF 0B 00 00 00 00

001:006:000:STREAM             1613848856.110068
 01 10 81 28 EF 0B 00 00 00 00

001:006:000:STREAM             1613848856.116052
 01 10 81 28 EF 0B 00 00 00 00

001:006:000:STREAM             1613848856.123049
 01 10 81 28 EF 0B 00 00 00 00

001:006:000:STREAM             1613848856.129095
 01 10 81 28 EF 0B 00 00 00 00

001:006:000:STREAM             1613848856.135075
 01 10 81 28 EF 0B 00 00 00 00

001:006:000:STREAM             1613848856.141984
 01 10 81 28 EF 0B 00 00 00 00

001:006:000:STREAM             1613848856.148014
 01 10 81 28 EF 0B 00 00 00 00

001:006:000:STREAM             1613848856.155016
 01 10 81 28 EF 0B 00 00 00 00

001:006:000:STREAM             1613848856.161052
 01 10 7C 28 F2 0B 00 00 00 00

001:006:000:STREAM             1613848856.168094
 01 10 74 28 F2 0B 00 00 00 00

001:006:000:STREAM             1613848856.174427
 01 10 74 28 F2 0B 00 00 00 00

001:006:000:STREAM             1613848856.181388
 01 10 74 28 F2 0B 00 00 00 00

001:006:000:STREAM             1613848856.187396
 01 10 74 28 F2 0B 00 00 00 00

001:006:000:STREAM             1613848856.194049
 01 10 74 28 F2 0B 00 00 00 00

001:006:000:STREAM             1613848856.200628
 01 10 74 28 F2 0B 00 00 00 00

001:006:000:STREAM             1613848856.206451
 01 10 74 28 F2 0B 00 00 00 00

001:006:000:STREAM             1613848856.213192
 01 10 74 28 F2 0B 00 00 00 00

001:006:000:STREAM             1613848856.219064
 01 10 74 28 F2 0B 00 00 00 00

001:006:000:STREAM             1613848856.226029
 01 10 74 28 F2 0B 00 00 00 00

001:006:000:STREAM             1613848856.232425
 01 10 74 28 F2 0B 00 00 00 00

001:006:000:STREAM             1613848856.239449
 01 10 74 28 F2 0B 00 00 00 00

001:006:000:STREAM             1613848856.245073
 01 10 74 28 F2 0B 00 00 00 00

001:006:000:STREAM             1613848856.252086
 01 10 6A 28 F5 0B 00 00 00 00

001:006:000:STREAM             1613848856.258090
 01 10 62 28 FA 0B 00 00 00 00

001:006:000:STREAM             1613848856.265212
 01 10 5A 28 FD 0B 00 00 00 00

001:006:000:STREAM             1613848856.271437
 01 10 52 28 FD 0B 00 00 00 00

001:006:000:STREAM             1613848856.278239
 01 10 4D 28 FF 0B 00 00 00 00

001:006:000:STREAM             1613848856.284067
 01 10 4D 28 FF 0B 00 00 00 00

001:006:000:STREAM             1613848856.291097
 01 10 4D 28 FF 0B 00 00 00 00

001:006:000:STREAM             1613848856.297453
 01 10 4D 28 FF 0B 00 00 00 00

001:006:000:STREAM             1613848856.303062
 01 10 4D 28 FF 0B 00 00 00 00

001:006:000:STREAM             1613848856.310064
 01 10 4D 28 FF 0B 00 00 00 00

001:006:000:STREAM             1613848856.316496
 01 10 4D 28 FF 0B 00 00 00 00

001:006:000:STREAM             1613848856.323077
 01 10 4D 28 FF 0B 00 00 00 00

001:006:000:STREAM             1613848856.329128
 01 10 4D 28 FF 0B 00 00 00 00

001:006:000:STREAM             1613848856.336127
 01 10 4D 28 FF 0B 00 00 00 00

001:006:000:STREAM             1613848856.342402
 01 10 4D 28 FF 0B 00 00 00 00

001:006:000:STREAM             1613848856.349121
 01 10 4D 28 FF 0B 00 00 00 00

001:006:000:STREAM             1613848856.355127
 01 10 4D 28 FF 0B 00 00 00 00

001:006:000:STREAM             1613848856.362094
 01 10 45 28 FD 0B 00 00 00 00

001:006:000:STREAM             1613848856.368298
 01 10 3F 28 FD 0B 00 00 00 00

001:006:000:STREAM             1613848856.374420
 01 10 3F 28 FD 0B 00 00 00 00

001:006:000:STREAM             1613848856.381075
 01 10 3F 28 FD 0B 00 00 00 00

001:006:000:STREAM             1613848856.387111
 01 10 3A 28 FF 0B 00 00 00 00

001:006:000:STREAM             1613848856.400494
 01 30 3A 28 FF 0B 00 00 00 00

001:006:000:STREAM             1613848856.407428
 01 30 3A 28 FF 0B 00 00 00 00

001:006:000:STREAM             1613848856.413103
 01 30 3A 28 FF 0B 00 00 00 00

001:006:000:STREAM             1613848856.420345
 01 30 3A 28 FF 0B 00 00 00 00

001:006:000:STREAM             1613848856.426415
 01 30 3A 28 FF 0B 00 00 00 00

001:006:000:STREAM             1613848856.433110
 01 30 3A 28 FF 0B 00 00 00 00

001:006:000:STREAM             1613848856.440421
 01 30 3A 28 FF 0B 00 00 00 00

001:006:000:STREAM             1613848856.446086
 01 30 35 28 02 0C 00 00 00 00

001:006:000:STREAM             1613848856.453250
 01 30 30 28 05 0C 00 00 00 00

001:006:000:STREAM             1613848856.459091
 01 30 2A 28 0A 0C 00 00 00 00

001:006:000:STREAM             1613848856.466311
 01 30 28 28 0D 0C 00 00 00 00

001:006:000:STREAM             1613848856.472415
 01 30 22 28 12 0C 00 00 00 00

001:006:000:STREAM             1613848856.479067
 01 30 22 28 12 0C 00 00 00 00

001:006:000:STREAM             1613848856.486082
 01 30 22 28 12 0C 00 00 00 00

001:006:000:STREAM             1613848856.492379
 01 30 20 28 15 0C 00 00 00 00

001:006:000:STREAM             1613848856.499103
 01 30 20 28 15 0C 00 00 00 00

001:006:000:STREAM             1613848856.505200
 01 30 1D 28 1A 0C 00 00 00 00

001:006:000:STREAM             1613848856.512060
 01 30 1D 28 1A 0C 00 00 00 00

001:006:000:STREAM             1613848856.518421
 01 30 1D 28 1A 0C 00 00 00 00

001:006:000:STREAM             1613848856.525228
 01 30 1D 28 1A 0C 00 00 00 00

001:006:000:STREAM             1613848856.531169
 01 30 1D 28 1A 0C 00 00 00 00

001:006:000:STREAM             1613848856.538151
 01 30 1D 28 1A 0C 00 00 00 00

001:006:000:STREAM             1613848856.545072
 01 30 1D 28 1A 0C 00 00 00 00

001:006:000:STREAM             1613848856.551357
 01 30 22 28 22 0C 00 00 00 00

001:006:000:STREAM             1613848856.571158
 01 10 28 28 2A 0C 00 00 00 00

001:006:000:STREAM             1613848856.577062
 01 10 2D 28 34 0C 00 00 00 00

001:006:000:STREAM             1613848856.583066
 01 10 32 28 3C 0C 00 00 00 00

001:006:000:STREAM             1613848856.590372
 01 10 38 28 47 0C 00 00 00 00

001:006:000:STREAM             1613848856.596093
 01 10 38 28 47 0C 00 00 00 00

001:006:000:STREAM             1613848856.603072
 01 10 38 28 47 0C 00 00 00 00

001:006:000:STREAM             1613848856.609071
 01 10 38 28 47 0C 00 00 00 00

001:006:000:STREAM             1613848856.616078
 01 10 38 28 47 0C 00 00 00 00

001:006:000:STREAM             1613848856.622374
 01 10 38 28 47 0C 00 00 00 00

001:006:000:STREAM             1613848856.629250
 01 10 38 28 47 0C 00 00 00 00

001:006:000:STREAM             1613848856.635186
 01 10 38 28 47 0C 00 00 00 00

001:006:000:STREAM             1613848856.642065
 01 10 38 28 47 0C 00 00 00 00

001:006:000:STREAM             1613848856.648424
 01 10 38 28 47 0C 00 00 00 00

001:006:000:STREAM             1613848856.654399
 01 10 38 28 47 0C 00 00 00 00

001:006:000:STREAM             1613848856.661229
 01 10 38 28 47 0C 00 00 00 00

001:006:000:STREAM             1613848856.667077
 01 10 38 28 47 0C 00 00 00 00

001:006:000:STREAM             1613848856.674065
 01 10 38 28 47 0C 00 00 00 00

001:006:000:STREAM             1613848856.680427
 01 10 3D 28 4A 0C 00 00 00 00

001:006:000:STREAM             1613848856.687085
 01 10 3D 28 4A 0C 00 00 00 00

001:006:000:STREAM             1613848856.693219
 01 10 3D 28 4A 0C 00 00 00 00

001:006:000:STREAM             1613848856.700072
 01 10 3D 28 4A 0C 00 00 00 00

001:006:000:STREAM             1613848856.706121
 01 10 3D 28 4A 0C 00 00 00 00

001:006:000:STREAM             1613848856.713083
 01 10 3D 28 4A 0C 00 00 00 00

001:006:000:STREAM             1613848856.719048
 01 10 3D 28 4A 0C 00 00 00 00

001:006:000:STREAM             1613848856.725256
 01 10 3D 28 4A 0C 00 00 00 00

001:006:000:STREAM             1613848856.732112
 01 10 3D 28 4A 0C 00 00 00 00

001:006:000:STREAM             1613848856.738108
 01 10 3D 28 4A 0C 00 00 00 00

001:006:000:STREAM             1613848856.745237
 01 10 3D 28 4A 0C 00 00 00 00

001:006:000:STREAM             1613848856.751461
 01 10 3D 28 4A 0C 00 00 00 00

001:006:000:STREAM             1613848856.758437
 01 10 42 28 4C 0C 00 00 00 00

001:006:000:STREAM             1613848856.764177
 01 10 42 28 4C 0C 00 00 00 00

001:006:000:STREAM             1613848856.771208
 01 10 42 28 4C 0C 00 00 00 00

001:006:000:STREAM             1613848856.777116
 01 10 47 28 52 0C 00 00 00 00

001:006:000:STREAM             1613848856.784091
 01 10 47 28 52 0C 00 00 00 00

001:006:000:STREAM             1613848856.790081
 01 10 47 28 52 0C 00 00 00 00

001:006:000:STREAM             1613848856.796083
 01 10 47 28 52 0C 00 00 00 00

001:006:000:STREAM             1613848856.803018
 01 10 47 28 52 0C 00 00 00 00

001:006:000:STREAM             1613848856.809018
 01 10 47 28 52 0C 00 00 00 00

001:006:000:STREAM             1613848856.815986
 01 10 47 28 52 0C 00 00 00 00

001:006:000:STREAM             1613848856.822017
 01 10 47 28 52 0C 00 00 00 00

001:006:000:STREAM             1613848856.829030
 01 10 47 28 52 0C 00 00 00 00

001:006:000:STREAM             1613848856.835041
 01 10 4D 28 5A 0C 00 00 00 00

001:006:000:STREAM             1613848856.842056
 01 10 4F 28 62 0C 00 00 00 00

001:006:000:STREAM             1613848856.848020
 01 10 54 28 6A 0C 00 00 00 00

001:006:000:STREAM             1613848856.855032
 01 10 57 28 72 0C 00 00 00 00

001:006:000:STREAM             1613848856.861023
 01 10 57 28 7A 0C 00 00 00 00

001:006:000:STREAM             1613848856.868031
 01 10 5A 28 82 0C 00 00 00 00

001:006:000:STREAM             1613848856.874033
 01 10 5A 28 87 0C 00 00 00 00

001:006:000:STREAM             1613848856.880680
 01 10 5A 28 87 0C 00 00 00 00

001:006:000:STREAM             1613848856.887322
 01 10 5A 28 87 0C 00 00 00 00

001:006:000:STREAM             1613848856.893436
 01 10 5C 28 8F 0C 00 00 00 00

001:006:000:STREAM             1613848856.900434
 01 10 5C 28 8F 0C 00 00 00 00

001:006:000:STREAM             1613848856.906357
 01 10 5C 28 8F 0C 00 00 00 00

001:006:000:STREAM             1613848856.913041
 01 10 5C 28 8F 0C 00 00 00 00

001:006:000:STREAM             1613848856.919046
 01 10 5C 28 8F 0C 00 00 00 00

001:006:000:STREAM             1613848856.926412
 01 10 5C 28 8F 0C 00 00 00 00

001:006:000:STREAM             1613848856.932465
 01 10 5C 28 8F 0C 00 00 00 00

001:006:000:STREAM             1613848856.939092
 01 10 5C 28 8F 0C 00 00 00 00

001:006:000:STREAM             1613848856.945086
 01 10 5C 28 8F 0C 00 00 00 00

001:006:000:STREAM             1613848856.951422
 01 10 5C 28 8F 0C 00 00 00 00

001:006:000:STREAM             1613848856.958334
 01 10 5C 28 8F 0C 00 00 00 00

001:006:000:STREAM             1613848856.964099
 01 10 5C 28 8C 0C 00 00 00 00

001:006:000:STREAM             1613848856.971068
 01 10 5C 28 8C 0C 00 00 00 00

001:006:000:STREAM             1613848856.977201
 01 10 5A 28 8A 0C 00 00 00 00

001:006:000:STREAM             1613848856.984089
 01 10 57 28 84 0C 00 00 00 00

001:006:000:STREAM             1613848856.990076
 01 10 57 28 84 0C 00 00 00 00

001:006:000:STREAM             1613848856.997258
 01 10 54 28 82 0C 00 00 00 00

001:006:000:STREAM             1613848857.003073
 01 10 54 28 82 0C 00 00 00 00

001:006:000:STREAM             1613848857.010367
 01 10 54 28 82 0C 00 00 00 00

001:006:000:STREAM             1613848857.016128
 01 10 54 28 82 0C 00 00 00 00

001:006:000:STREAM             1613848857.023300
 01 10 54 28 82 0C 00 00 00 00

001:006:000:STREAM             1613848857.029232
 01 10 54 28 82 0C 00 00 00 00

001:006:000:STREAM             1613848857.035093
 01 10 54 28 82 0C 00 00 00 00

001:006:000:STREAM             1613848857.042095
 01 10 54 28 82 0C 00 00 00 00

001:006:000:STREAM             1613848857.048091
 01 10 54 28 82 0C 00 00 00 00

001:006:000:STREAM             1613848857.055325
 01 10 54 28 82 0C 00 00 00 00

001:006:000:STREAM             1613848857.061224
 01 10 52 28 87 0C 00 00 00 00

001:006:000:STREAM             1613848857.068092
 01 10 52 28 87 0C 00 00 00 00

001:006:000:STREAM             1613848857.074382
 01 10 52 28 87 0C 00 00 00 00

001:006:000:STREAM             1613848857.081095
 01 10 52 28 8F 0C 00 00 00 00

001:006:000:STREAM             1613848857.087325
 01 10 54 28 97 0C 00 00 00 00

001:006:000:STREAM             1613848857.094398
 01 10 54 28 9F 0C 00 00 00 00

001:006:000:STREAM             1613848857.100421
 01 10 57 28 AA 0C 00 00 00 00

001:006:000:STREAM             1613848857.107082
 01 10 57 28 AA 0C 00 00 00 00

001:006:000:STREAM             1613848857.113096
 01 10 57 28 AA 0C 00 00 00 00

001:006:000:STREAM             1613848857.120094
 01 10 57 28 AA 0C 00 00 00 00

001:006:000:STREAM             1613848857.126160
 01 10 57 28 AA 0C 00 00 00 00

001:006:000:STREAM             1613848857.132347
 01 10 57 28 AA 0C 00 00 00 00

001:006:000:STREAM             1613848857.139239
 01 10 57 28 AA 0C 00 00 00 00

001:006:000:STREAM             1613848857.145069
 01 10 57 28 AA 0C 00 00 00 00

001:006:000:STREAM             1613848857.152268
 01 10 5F 28 AC 0C 00 00 00 00

001:006:000:STREAM             1613848857.158403
 01 10 6A 28 AF 0C 00 00 00 00

001:006:000:STREAM             1613848857.165090
 01 10 6A 28 AF 0C 00 00 00 00

001:006:000:STREAM             1613848857.171066
 01 10 74 28 B2 0C 00 00 00 00

001:006:000:STREAM             1613848857.178092
 01 10 74 28 B2 0C 00 00 00 00

001:006:000:STREAM             1613848857.184317
 01 10 74 28 B2 0C 00 00 00 00

001:006:000:STREAM             1613848857.191098
 01 10 74 28 B2 0C 00 00 00 00

001:006:000:STREAM             1613848857.197090
 01 10 81 28 BF 0C 00 00 00 00

001:006:000:STREAM             1613848857.204484
 01 10 81 28 BF 0C 00 00 00 00

001:006:000:STREAM             1613848857.210122
 01 10 94 28 CA 0C 00 00 00 00

001:006:000:STREAM             1613848857.217102
 01 10 A6 28 DA 0C 00 00 00 00

001:006:000:STREAM             1613848857.236139
 01 00 A6 28 DA 0C 00 00 00 00

001:006:000:STREAM             1613848857.970364
 01 10 2D 28 BA 0C 00 00 00 00

001:006:000:STREAM             1613848857.976482
 01 10 2D 28 BA 0C 00 00 00 00

001:006:000:STREAM             1613848857.983113
 01 10 2D 28 BA 0C 00 00 00 00

001:006:000:STREAM             1613848857.989321
 01 10 2D 28 BA 0C 00 00 00 00

001:006:000:STREAM             1613848857.996429
 01 10 2D 28 BA 0C 00 00 00 00

001:006:000:STREAM             1613848858.002061
 01 10 2D 28 BA 0C 00 00 00 00

001:006:000:STREAM             1613848858.009057
 01 10 2D 28 BA 0C 00 00 00 00

001:006:000:STREAM             1613848858.015446
 01 10 2D 28 BA 0C 00 00 00 00

001:006:000:STREAM             1613848858.021237
 01 10 2D 28 BA 0C 00 00 00 00

001:006:000:STREAM             1613848858.028312
 01 10 2D 28 BA 0C 00 00 00 00

001:006:000:STREAM             1613848858.034065
 01 10 2D 28 BA 0C 00 00 00 00

001:006:000:STREAM             1613848858.041285
 01 10 2D 28 BA 0C 00 00 00 00

001:006:000:STREAM             1613848858.047347
 01 10 2D 28 BA 0C 00 00 00 00

001:006:000:STREAM             1613848858.054428
 01 10 2D 28 BA 0C 00 00 00 00

001:006:000:STREAM             1613848858.060061
 01 10 2D 28 BA 0C 00 00 00 00

001:006:000:STREAM             1613848858.067100
 01 10 2D 28 BA 0C 00 00 00 00

001:006:000:STREAM             1613848858.073255
 01 10 2D 28 BA 0C 00 00 00 00

001:006:000:STREAM             1613848858.080452
 01 10 2D 28 BA 0C 00 00 00 00

001:006:000:STREAM             1613848858.086048
 01 10 2D 28 BA 0C 00 00 00 00

001:006:000:STREAM             1613848858.092099
 01 10 2D 28 BA 0C 00 00 00 00

001:006:000:STREAM             1613848858.099259
 01 10 2D 28 BA 0C 00 00 00 00

001:006:000:STREAM             1613848858.105064
 01 10 2D 28 BA 0C 00 00 00 00

001:006:000:STREAM             1613848858.112053
 01 10 2D 28 BA 0C 00 00 00 00

001:006:000:STREAM             1613848858.118084
 01 10 2D 28 BA 0C 00 00 00 00

001:006:000:STREAM             1613848858.125038
 01 10 2D 28 BA 0C 00 00 00 00

001:006:000:STREAM             1613848858.131011
 01 10 2D 28 BA 0C 00 00 00 00

001:006:000:STREAM             1613848858.138005
 01 10 2D 28 BA 0C 00 00 00 00

001:006:000:STREAM             1613848858.144013
 01 10 2D 28 BA 0C 00 00 00 00

001:006:000:STREAM             1613848858.150040
 01 10 2D 28 BA 0C 00 00 00 00

001:006:000:STREAM             1613848858.157014
 01 10 22 28 B4 0C 00 00 00 00

001:006:000:STREAM             1613848858.163013
 01 10 22 28 B4 0C 00 00 00 00

001:006:000:STREAM             1613848858.170318
 01 10 22 28 B4 0C 00 00 00 00

001:006:000:STREAM             1613848858.176617
 01 10 22 28 B4 0C 00 00 00 00

001:006:000:STREAM             1613848858.183519
 01 10 22 28 B4 0C 00 00 00 00

001:006:000:STREAM             1613848858.189411
 01 10 22 28 B4 0C 00 00 00 00

001:006:000:STREAM             1613848858.196381
 01 10 22 28 B4 0C 00 00 00 00

001:006:000:STREAM             1613848858.202301
 01 10 22 28 B4 0C 00 00 00 00

001:006:000:STREAM             1613848858.209094
 01 10 22 28 B4 0C 00 00 00 00

001:006:000:STREAM             1613848858.215054
 01 10 22 28 B4 0C 00 00 00 00

001:006:000:STREAM             1613848858.221353
 01 10 22 28 B4 0C 00 00 00 00

001:006:000:STREAM             1613848858.228549
 01 10 22 28 B4 0C 00 00 00 00

001:006:000:STREAM             1613848858.234111
 01 10 22 28 B4 0C 00 00 00 00

001:006:000:STREAM             1613848858.241126
 01 10 22 28 B4 0C 00 00 00 00

001:006:000:STREAM             1613848858.247149
 01 10 22 28 B4 0C 00 00 00 00

001:006:000:STREAM             1613848858.254383
 01 10 22 28 B4 0C 00 00 00 00

001:006:000:STREAM             1613848858.260167
 01 10 22 28 B4 0C 00 00 00 00

001:006:000:STREAM             1613848858.267122
 01 10 22 28 B4 0C 00 00 00 00

001:006:000:STREAM             1613848858.273329
 01 10 22 28 B4 0C 00 00 00 00

001:006:000:STREAM             1613848858.279156
 01 10 22 28 B4 0C 00 00 00 00

001:006:000:STREAM             1613848858.286151
 01 10 22 28 B4 0C 00 00 00 00

001:006:000:STREAM             1613848858.292478
 01 10 22 28 B4 0C 00 00 00 00

001:006:000:STREAM             1613848858.299218
 01 10 22 28 B4 0C 00 00 00 00

001:006:000:STREAM             1613848858.305277
 01 10 22 28 B4 0C 00 00 00 00

001:006:000:STREAM             1613848858.312146
 01 10 25 28 C4 0C 00 00 00 00

001:006:000:STREAM             1613848858.318146
 01 10 25 28 C4 0C 00 00 00 00

001:006:000:STREAM             1613848858.325285
 01 10 2A 28 D4 0C 00 00 00 00

001:006:000:STREAM             1613848858.331372
 01 10 22 28 E9 0C 00 00 00 00

001:006:000:STREAM             1613848858.338170
 01 10 20 28 01 0D 00 00 00 00

001:006:000:STREAM             1613848858.357301
 01 00 20 28 01 0D 00 00 00 00

001:006:000:STREAM             1613848860.119155
 01 10 6A 28 BC 0D 00 00 00 00

001:006:000:STREAM             1613848860.125115
 01 10 6A 28 BC 0D 00 00 00 00

001:006:000:STREAM             1613848860.132170
 01 10 6A 28 BC 0D 00 00 00 00

001:006:000:STREAM             1613848860.138166
 01 10 6A 28 BC 0D 00 00 00 00

001:006:000:STREAM             1613848860.145132
 01 10 62 28 C4 0D 00 00 00 00

001:006:000:STREAM             1613848860.151086
 01 10 62 28 C4 0D 00 00 00 00

001:006:000:STREAM             1613848860.157116
 01 10 5C 28 CC 0D 00 00 00 00

001:006:000:STREAM             1613848860.164088
 01 10 5C 28 CC 0D 00 00 00 00

001:006:000:STREAM             1613848860.170092
 01 10 54 28 D6 0D 00 00 00 00

001:006:000:STREAM             1613848860.177125
 01 10 54 28 D6 0D 00 00 00 00

001:006:000:STREAM             1613848860.183659
 01 10 54 28 D6 0D 00 00 00 00

001:006:000:STREAM             1613848860.190538
 01 10 54 28 D6 0D 00 00 00 00

001:006:000:STREAM             1613848860.196134
 01 10 54 28 D6 0D 00 00 00 00

001:006:000:STREAM             1613848860.203179
 01 10 54 28 D6 0D 00 00 00 00

001:006:000:STREAM             1613848860.209131
 01 10 4D 28 DC 0D 00 00 00 00

001:006:000:STREAM             1613848860.216272
 01 10 4D 28 DC 0D 00 00 00 00

001:006:000:STREAM             1613848860.222183
 01 10 4D 28 DC 0D 00 00 00 00

001:006:000:STREAM             1613848860.228130
 01 10 4D 28 DC 0D 00 00 00 00

001:006:000:STREAM             1613848860.235131
 01 10 4D 28 DC 0D 00 00 00 00

001:006:000:STREAM             1613848860.241147
 01 10 4D 28 DC 0D 00 00 00 00

001:006:000:STREAM             1613848860.248122
 01 10 4D 28 DC 0D 00 00 00 00

001:006:000:STREAM             1613848860.254464
 01 10 4D 28 DC 0D 00 00 00 00

001:006:000:STREAM             1613848860.261266
 01 10 4D 28 DC 0D 00 00 00 00

001:006:000:STREAM             1613848860.267212
 01 10 4D 28 DC 0D 00 00 00 00

001:006:000:STREAM             1613848860.274139
 01 10 4D 28 DC 0D 00 00 00 00

001:006:000:STREAM             1613848860.280505
 01 10 42 28 E1 0D 00 00 00 00

001:006:000:STREAM             1613848860.287442
 01 10 42 28 E1 0D 00 00 00 00

001:006:000:STREAM             1613848860.293339
 01 10 42 28 E1 0D 00 00 00 00

001:006:000:STREAM             1613848860.299289
 01 10 35 28 E1 0D 00 00 00 00

001:006:000:STREAM             1613848860.306142
 01 10 2A 28 E1 0D 00 00 00 00

001:006:000:STREAM             1613848860.312495
 01 10 1D 28 DE 0D 00 00 00 00

001:006:000:STREAM             1613848860.319158
 01 10 13 28 DC 0D 00 00 00 00

001:006:000:STREAM             1613848860.332150
 01 30 06 28 D6 0D 00 00 00 00

001:006:000:STREAM             1613848860.338143
 01 30 F3 27 D1 0D 00 00 00 00

001:006:000:STREAM             1613848860.345280
 01 30 E1 27 CE 0D 00 00 00 00

001:006:000:STREAM             1613848860.351484
 01 30 CE 27 C9 0D 00 00 00 00

001:006:000:STREAM             1613848860.358456
 01 30 B9 27 C6 0D 00 00 00 00

001:006:000:STREAM             1613848860.365276
 01 30 A4 27 C4 0D 00 00 00 00

001:006:000:STREAM             1613848860.371128
 01 30 92 27 BE 0D 00 00 00 00

001:006:000:STREAM             1613848860.378149
 01 30 7D 27 B9 0D 00 00 00 00

001:006:000:STREAM             1613848860.384484
 01 30 6D 27 B4 0D 00 00 00 00

001:006:000:STREAM             1613848860.391472
 01 30 5D 27 A9 0D 00 00 00 00

001:006:000:STREAM             1613848860.398143
 01 30 53 27 9E 0D 00 00 00 00

001:006:000:STREAM             1613848860.404135
 01 30 4B 27 94 0D 00 00 00 00

001:006:000:STREAM             1613848860.411147
 01 30 45 27 89 0D 00 00 00 00

001:006:000:STREAM             1613848860.417272
 01 30 43 27 7F 0D 00 00 00 00

001:006:000:STREAM             1613848860.424135
 01 30 40 27 74 0D 00 00 00 00

001:006:000:STREAM             1613848860.430125
 01 30 3D 27 6F 0D 00 00 00 00

001:006:000:STREAM             1613848860.437141
 01 30 3B 27 69 0D 00 00 00 00

001:006:000:STREAM             1613848860.444420
 01 30 3B 27 69 0D 00 00 00 00

001:006:000:STREAM             1613848860.450153
 01 30 3B 27 69 0D 00 00 00 00

001:006:000:STREAM             1613848860.457283
 01 30 3B 27 69 0D 00 00 00 00

001:006:000:STREAM             1613848860.463145
 01 30 3B 27 69 0D 00 00 00 00

001:006:000:STREAM             1613848860.470369
 01 30 3D 27 67 0D 00 00 00 00

001:006:000:STREAM             1613848860.476152
 01 30 40 27 67 0D 00 00 00 00

001:006:000:STREAM             1613848860.483147
 01 30 43 27 69 0D 00 00 00 00

001:006:000:STREAM             1613848860.489276
 01 30 48 27 67 0D 00 00 00 00

001:006:000:STREAM             1613848860.496143
 01 30 4D 27 67 0D 00 00 00 00

001:006:000:STREAM             1613848860.503175
 01 30 55 27 64 0D 00 00 00 00

001:006:000:STREAM             1613848860.509285
 01 30 60 27 5F 0D 00 00 00 00

001:006:000:STREAM             1613848860.516395
 01 30 6A 27 59 0D 00 00 00 00

001:006:000:STREAM             1613848860.522447
 01 30 72 27 51 0D 00 00 00 00

001:006:000:STREAM             1613848860.529146
 01 30 7D 27 49 0D 00 00 00 00

001:006:000:STREAM             1613848860.535494
 01 30 87 27 44 0D 00 00 00 00

001:006:000:STREAM             1613848860.542171
 01 30 92 27 3F 0D 00 00 00 00

001:006:000:STREAM             1613848860.549288
 01 30 9A 27 39 0D 00 00 00 00

001:006:000:STREAM             1613848860.555330
 01 30 A4 27 37 0D 00 00 00 00

001:006:000:STREAM             1613848860.575465
 01 00 A4 27 37 0D 00 00 00 00

001:006:000:STREAM             1613848860.624177
 01 10 20 28 61 0D 00 00 00 00

001:006:000:STREAM             1613848860.630139
 01 10 20 28 61 0D 00 00 00 00

001:006:000:STREAM             1613848860.637199
 01 10 20 28 61 0D 00 00 00 00

001:006:000:STREAM             1613848860.643153
 01 10 22 28 5C 0D 00 00 00 00

001:006:000:STREAM             1613848860.650460
 01 10 25 28 57 0D 00 00 00 00

001:006:000:STREAM             1613848860.656137
 01 10 28 28 54 0D 00 00 00 00

001:006:000:STREAM             1613848860.663522
 01 10 2A 28 4F 0D 00 00 00 00

001:006:000:STREAM             1613848860.669186
 01 10 2A 28 4F 0D 00 00 00 00

001:006:000:STREAM             1613848860.675171
 01 10 2A 28 4F 0D 00 00 00 00

001:006:000:STREAM             1613848860.682462
 01 10 2A 28 4F 0D 00 00 00 00

001:006:000:STREAM             1613848860.688167
 01 10 2A 28 4F 0D 00 00 00 00

001:006:000:STREAM             1613848860.695362
 01 10 2A 28 4F 0D 00 00 00 00

001:006:000:STREAM             1613848860.701185
 01 10 28 28 FF 0C 00 00 00 00

001:006:000:STREAM             1613848860.708139
 01 30 25 28 07 0D 00 00 00 00

001:006:000:STREAM             1613848860.714503
 01 30 20 28 0F 0D 00 00 00 00

001:006:000:STREAM             1613848860.721157
 01 30 1B 28 17 0D 00 00 00 00

001:006:000:STREAM             1613848860.728173
 01 30 13 28 21 0D 00 00 00 00

001:006:000:STREAM             1613848860.734521
 01 30 08 28 29 0D 00 00 00 00

001:006:000:STREAM             1613848860.741322
 01 30 FB 27 34 0D 00 00 00 00

001:006:000:STREAM             1613848860.747192
 01 30 EE 27 3C 0D 00 00 00 00

001:006:000:STREAM             1613848860.754151
 01 30 E1 27 47 0D 00 00 00 00

001:006:000:STREAM             1613848860.760532
 01 30 D3 27 4F 0D 00 00 00 00

001:006:000:STREAM             1613848860.767527
 01 30 C6 27 54 0D 00 00 00 00

001:006:000:STREAM             1613848860.774521
 01 30 BC 27 51 0D 00 00 00 00

001:006:000:STREAM             1613848860.780143
 01 30 B1 27 4F 0D 00 00 00 00

001:006:000:STREAM             1613848860.787136
 01 30 A9 27 4C 0D 00 00 00 00

001:006:000:STREAM             1613848860.793086
 01 30 A4 27 49 0D 00 00 00 00

001:006:000:STREAM             1613848860.800090
 01 30 A1 27 47 0D 00 00 00 00

001:006:000:STREAM             1613848860.806080
 01 30 A1 27 44 0D 00 00 00 00

001:006:000:STREAM             1613848860.813094
 01 30 A4 27 41 0D 00 00 00 00

001:006:000:STREAM             1613848860.820088
 01 30 A7 27 3F 0D 00 00 00 00

001:006:000:STREAM             1613848860.826168
 01 30 AC 27 3C 0D 00 00 00 00

001:006:000:STREAM             1613848860.833097
 01 30 B1 27 39 0D 00 00 00 00

001:006:000:STREAM             1613848860.839101
 01 30 B9 27 39 0D 00 00 00 00

001:006:000:STREAM             1613848860.846097
 01 30 BE 27 39 0D 00 00 00 00

001:006:000:STREAM             1613848860.853124
 01 30 C6 27 39 0D 00 00 00 00

001:006:000:STREAM             1613848860.859088
 01 30 CE 27 39 0D 00 00 00 00

001:006:000:STREAM             1613848860.866114
 01 30 D6 27 3C 0D 00 00 00 00

001:006:000:STREAM             1613848860.872097
 01 30 E1 27 3C 0D 00 00 00 00

001:006:000:STREAM             1613848860.879691
 01 30 EB 27 3F 0D 00 00 00 00

001:006:000:STREAM             1613848860.885108
 01 30 F8 27 41 0D 00 00 00 00

001:006:000:STREAM             1613848860.892501
 01 30 03 28 44 0D 00 00 00 00

001:006:000:STREAM             1613848860.899552
 01 30 10 28 F1 0C 00 00 00 00

001:006:000:STREAM             1613848860.912139
 01 10 1D 28 FC 0C 00 00 00 00

001:006:000:STREAM             1613848860.918567
 01 10 2A 28 04 0D 00 00 00 00

001:006:000:STREAM             1613848860.925325
 01 10 38 28 0C 0D 00 00 00 00

001:006:000:STREAM             1613848860.931151
 01 10 45 28 14 0D 00 00 00 00

001:006:000:STREAM             1613848860.938156
 01 10 4F 28 1C 0D 00 00 00 00

001:006:000:STREAM             1613848860.944203
 01 10 5A 28 21 0D 00 00 00 00

001:006:000:STREAM             1613848860.951339
 01 10 64 28 29 0D 00 00 00 00

001:006:000:STREAM             1613848860.957215
 01 10 6A 28 34 0D 00 00 00 00

001:006:000:STREAM             1613848860.964217
 01 10 71 28 41 0D 00 00 00 00

001:006:000:STREAM             1613848860.970143
 01 10 74 28 4F 0D 00 00 00 00

001:006:000:STREAM             1613848860.977532
 01 10 79 28 59 0D 00 00 00 00

001:006:000:STREAM             1613848860.983194
 01 10 7C 28 61 0D 00 00 00 00

001:006:000:STREAM             1613848860.989175
 01 10 7F 28 6C 0D 00 00 00 00

001:006:000:STREAM             1613848860.996539
 01 10 81 28 79 0D 00 00 00 00

001:006:000:STREAM             1613848861.002186
 01 10 81 28 81 0D 00 00 00 00

001:006:000:STREAM             1613848861.009196
 01 10 81 28 8C 0D 00 00 00 00

001:006:000:STREAM             1613848861.015178
 01 10 81 28 94 0D 00 00 00 00

001:006:000:STREAM             1613848861.022227
 01 10 81 28 9C 0D 00 00 00 00

001:006:000:STREAM             1613848861.028508
 01 10 81 28 9C 0D 00 00 00 00

001:006:000:STREAM             1613848861.035276
 01 10 81 28 A1 0D 00 00 00 00

001:006:000:STREAM             1613848861.041266
 01 10 81 28 A1 0D 00 00 00 00

001:006:000:STREAM             1613848861.048558
 01 10 81 28 A6 0D 00 00 00 00

001:006:000:STREAM             1613848861.054531
 01 10 7F 28 AC 0D 00 00 00 00

001:006:000:STREAM             1613848861.061150
 01 10 7F 28 AC 0D 00 00 00 00

001:006:000:STREAM             1613848861.067273
 01 10 7F 28 AC 0D 00 00 00 00

001:006:000:STREAM             1613848861.074277
 01 10 7C 28 B1 0D 00 00 00 00

001:006:000:STREAM             1613848861.080514
 01 10 7C 28 B1 0D 00 00 00 00

001:006:000:STREAM             1613848861.086200
 01 10 7C 28 B1 0D 00 00 00 00

001:006:000:STREAM             1613848861.093158
 01 10 7C 28 B6 0D 00 00 00 00

001:006:000:STREAM             1613848861.099280
 01 10 7C 28 B6 0D 00 00 00 00

001:006:000:STREAM             1613848861.106263
 01 10 7C 28 B6 0D 00 00 00 00

001:006:000:STREAM             1613848861.112227
 01 10 7C 28 B6 0D 00 00 00 00

001:006:000:STREAM             1613848861.119203
 01 10 7C 28 B6 0D 00 00 00 00

001:006:000:STREAM             1613848861.125158
 01 10 7C 28 BC 0D 00 00 00 00

001:006:000:STREAM             1613848861.132170
 01 10 7C 28 BC 0D 00 00 00 00

001:006:000:STREAM             1613848861.138153
 01 10 7C 28 BC 0D 00 00 00 00

001:006:000:STREAM             1613848861.145539
 01 10 7C 28 BC 0D 00 00 00 00

001:006:000:STREAM             1613848861.151544
 01 10 7C 28 BC 0D 00 00 00 00

001:006:000:STREAM             1613848861.158164
 01 10 84 28 BC 0D 00 00 00 00

001:006:000:STREAM             1613848861.164207
 01 10 8E 28 B9 0D 00 00 00 00

001:006:000:STREAM             1613848861.170414
 01 10 99 28 B4 0D 00 00 00 00

001:006:000:STREAM             1613848861.177337
 01 10 A9 28 A9 0D 00 00 00 00

001:006:000:STREAM             1613848861.183544
 01 10 BB 28 9E 0D 00 00 00 00

001:006:000:STREAM             1613848861.190138
 01 10 CB 28 91 0D 00 00 00 00

001:006:000:STREAM             1613848861.196526
 01 10 DD 28 81 0D 00 00 00 00

001:006:000:STREAM             1613848861.203336
 01 10 EB 28 74 0D 00 00 00 00

001:006:000:STREAM             1613848861.209208
 01 10 F8 28 67 0D 00 00 00 00

001:006:000:STREAM             1613848861.216199
 01 10 00 29 5C 0D 00 00 00 00

001:006:000:STREAM             1613848861.222157
 01 10 00 29 5C 0D 00 00 00 00

001:006:000:STREAM             1613848861.229296
 01 10 00 29 5C 0D 00 00 00 00

001:006:000:STREAM             1613848861.235169
 01 10 08 29 51 0D 00 00 00 00

001:006:000:STREAM             1613848861.242158
 01 10 08 29 51 0D 00 00 00 00

001:006:000:STREAM             1613848861.248169
 01 10 08 29 51 0D 00 00 00 00

001:006:000:STREAM             1613848861.255130
 01 10 08 29 51 0D 00 00 00 00

001:006:000:STREAM             1613848861.261168
 01 10 08 29 51 0D 00 00 00 00

001:006:000:STREAM             1613848861.267150
 01 10 08 29 51 0D 00 00 00 00

001:006:000:STREAM             1613848861.274473
 01 10 08 29 51 0D 00 00 00 00

001:006:000:STREAM             1613848861.280508
 01 10 08 29 51 0D 00 00 00 00

001:006:000:STREAM             1613848861.287157
 01 10 08 29 51 0D 00 00 00 00

001:006:000:STREAM             1613848861.293159
 01 10 08 29 51 0D 00 00 00 00

001:006:000:STREAM             1613848861.300439
 01 10 08 29 51 0D 00 00 00 00

001:006:000:STREAM             1613848861.306272
 01 10 08 29 51 0D 00 00 00 00

001:006:000:STREAM             1613848861.313364
 01 10 08 29 51 0D 00 00 00 00

001:006:000:STREAM             1613848861.319167
 01 10 08 29 51 0D 00 00 00 00

001:006:000:STREAM             1613848861.325345
 01 10 08 29 51 0D 00 00 00 00

001:006:000:STREAM             1613848861.332508
 01 10 08 29 51 0D 00 00 00 00

001:006:000:STREAM             1613848861.338167
 01 10 08 29 3C 0D 00 00 00 00

001:006:000:STREAM             1613848861.345298
 01 10 0D 29 27 0D 00 00 00 00

001:006:000:STREAM             1613848861.364167
 01 00 0D 29 27 0D 00 00 00 00

001:006:000:STREAM             1613848862.783171
 01 10 85 26 66 14 00 00 00 00

001:006:000:STREAM             1613848862.790141
 01 10 85 26 66 14 00 00 00 00

001:006:000:STREAM             1613848862.796136
 01 10 85 26 66 14 00 00 00 00

001:006:000:STREAM             1613848862.803130
 01 10 85 26 66 14 00 00 00 00

001:006:000:STREAM             1613848862.809128
 01 10 85 26 66 14 00 00 00 00

001:006:000:STREAM             1613848862.816133
 01 10 85 26 66 14 00 00 00 00

001:006:000:STREAM             1613848862.822093
 01 10 85 26 66 14 00 00 00 00

001:006:000:STREAM             1613848862.828095
 01 10 85 26 66 14 00 00 00 00

001:006:000:STREAM             1613848862.835153
 01 10 85 26 66 14 00 00 00 00

001:006:000:STREAM             1613848862.841143
 01 10 85 26 66 14 00 00 00 00

001:006:000:STREAM             1613848862.848156
 01 10 85 26 5E 14 00 00 00 00

001:006:000:STREAM             1613848862.854182
 01 10 85 26 5E 14 00 00 00 00

001:006:000:STREAM             1613848862.861199
 01 10 85 26 56 14 00 00 00 00

001:006:000:STREAM             1613848862.867174
 01 10 85 26 4E 14 00 00 00 00

001:006:000:STREAM             1613848862.874160
 01 10 85 26 46 14 00 00 00 00

001:006:000:STREAM             1613848862.880755
 01 10 88 26 3E 14 00 00 00 00

001:006:000:STREAM             1613848862.887500
 01 10 88 26 3E 14 00 00 00 00

001:006:000:STREAM             1613848862.893537
 01 10 88 26 3E 14 00 00 00 00

001:006:000:STREAM             1613848862.900639
 01 10 88 26 3E 14 00 00 00 00

001:006:000:STREAM             1613848862.906166
 01 10 88 26 3E 14 00 00 00 00

001:006:000:STREAM             1613848862.912650
 01 10 88 26 3E 14 00 00 00 00

001:006:000:STREAM             1613848862.919187
 01 10 88 26 3E 14 00 00 00 00

001:006:000:STREAM             1613848862.925455
 01 10 88 26 3E 14 00 00 00 00

001:006:000:STREAM             1613848862.932572
 01 10 85 26 39 14 00 00 00 00

001:006:000:STREAM             1613848862.938247
 01 10 85 26 31 14 00 00 00 00

001:006:000:STREAM             1613848862.945239
 01 10 83 26 29 14 00 00 00 00

001:006:000:STREAM             1613848862.951562
 01 10 83 26 29 14 00 00 00 00

001:006:000:STREAM             1613848862.958531
 01 10 85 26 21 14 00 00 00 00

001:006:000:STREAM             1613848862.964463
 01 10 85 26 21 14 00 00 00 00

001:006:000:STREAM             1613848862.971230
 01 10 85 26 19 14 00 00 00 00

001:006:000:STREAM             1613848862.977365
 01 10 85 26 13 14 00 00 00 00

001:006:000:STREAM             1613848862.984591
 01 10 85 26 13 14 00 00 00 00

001:006:000:STREAM             1613848862.990564
 01 10 85 26 0E 14 00 00 00 00

001:006:000:STREAM             1613848862.996238
 01 10 85 26 0E 14 00 00 00 00

001:006:000:STREAM             1613848863.003214
 01 10 88 26 09 14 00 00 00 00

001:006:000:STREAM             1613848863.009362
 01 10 88 26 09 14 00 00 00 00

001:006:000:STREAM             1613848863.016573
 01 10 88 26 09 14 00 00 00 00

001:006:000:STREAM             1613848863.022225
 01 10 88 26 09 14 00 00 00 00

001:006:000:STREAM             1613848863.029420
 01 10 8A 26 01 14 00 00 00 00

001:006:000:STREAM             1613848863.035218
 01 10 8D 26 F9 13 00 00 00 00

001:006:000:STREAM             1613848863.042560
 01 10 90 26 F1 13 00 00 00 00

001:006:000:STREAM             1613848863.048240
 01 10 95 26 E6 13 00 00 00 00

001:006:000:STREAM             1613848863.055572
 01 10 95 26 DE 13 00 00 00 00

001:006:000:STREAM             1613848863.061148
 01 10 98 26 D4 13 00 00 00 00

001:006:000:STREAM             1613848863.068462
 01 10 9A 26 C9 13 00 00 00 00

001:006:000:STREAM             1613848863.074181
 01 10 9D 26 BE 13 00 00 00 00

001:006:000:STREAM             1613848863.081222
 01 10 9D 26 5E 13 00 00 00 00

001:006:000:STREAM             1613848863.087557
 01 13 9D 26 5C 13 00 00 00 00

001:006:000:STREAM             1613848863.094180
 01 13 9D 26 59 13 00 00 00 00

001:006:000:STREAM             1613848863.100483
 01 13 9D 26 56 13 00 00 00 00

001:006:000:STREAM             1613848863.107227
 01 13 9D 26 54 13 00 00 00 00

001:006:000:STREAM             1613848863.114218
 01 13 9D 26 54 13 00 00 00 00

001:006:000:STREAM             1613848863.120248
 01 13 9D 26 49 13 00 00 00 00

001:006:000:STREAM             1613848863.127223
 01 13 9A 26 3F 13 00 00 00 00

001:006:000:STREAM             1613848863.133217
 01 13 9A 26 34 13 00 00 00 00

001:006:000:STREAM             1613848863.140252
 01 13 9A 26 29 13 00 00 00 00

001:006:000:STREAM             1613848863.147212
 01 13 9A 26 21 13 00 00 00 00

001:006:000:STREAM             1613848863.153192
 01 13 9A 26 19 13 00 00 00 00

001:006:000:STREAM             1613848863.160218
 01 13 9D 26 0C 13 00 00 00 00

001:006:000:STREAM             1613848863.166507
 01 13 9D 26 FF 12 00 00 00 00

001:006:000:STREAM             1613848863.173196
 01 13 9F 26 F7 12 00 00 00 00

001:006:000:STREAM             1613848863.180557
 01 13 9F 26 F7 12 00 00 00 00

001:006:000:STREAM             1613848863.186226
 01 13 9F 26 F7 12 00 00 00 00

001:006:000:STREAM             1613848863.193221
 01 13 9F 26 F7 12 00 00 00 00

001:006:000:STREAM             1613848863.199501
 01 13 9D 26 FC 12 00 00 00 00

001:006:000:STREAM             1613848863.206541
 01 13 9A 26 04 13 00 00 00 00

001:006:000:STREAM             1613848863.213227
 01 13 98 26 11 13 00 00 00 00

001:006:000:STREAM             1613848863.219239
 01 13 95 26 1F 13 00 00 00 00

001:006:000:STREAM             1613848863.226323
 01 13 92 26 2C 13 00 00 00 00

001:006:000:STREAM             1613848863.232580
 01 13 90 26 3C 13 00 00 00 00

001:006:000:STREAM             1613848863.239571
 01 13 8D 26 4C 13 00 00 00 00

001:006:000:STREAM             1613848863.246211
 01 13 8D 26 29 13 00 00 00 00

001:006:000:STREAM             1613848863.252218
 01 10 8D 26 3F 13 00 00 00 00

001:006:000:STREAM             1613848863.259357
 01 10 8D 26 51 13 00 00 00 00

001:006:000:STREAM             1613848863.265381
 01 10 8D 26 64 13 00 00 00 00

001:006:000:STREAM             1613848863.271242
 01 10 90 26 76 13 00 00 00 00

001:006:000:STREAM             1613848863.278219
 01 10 92 26 86 13 00 00 00 00

001:006:000:STREAM             1613848863.284176
 01 10 95 26 96 13 00 00 00 00

001:006:000:STREAM             1613848863.291350
 01 10 98 26 A1 13 00 00 00 00

001:006:000:STREAM             1613848863.297203
 01 10 9A 26 AC 13 00 00 00 00

001:006:000:STREAM             1613848863.304582
 01 10 9A 26 AC 13 00 00 00 00

001:006:000:STREAM             1613848863.310568
 01 10 9A 26 AC 13 00 00 00 00

001:006:000:STREAM             1613848863.317200
 01 10 9A 26 AC 13 00 00 00 00

001:006:000:STREAM             1613848863.323143
 01 10 9D 26 AC 13 00 00 00 00

001:006:000:STREAM             1613848863.330482
 01 10 9F 26 AC 13 00 00 00 00

001:006:000:STREAM             1613848863.336234
 01 10 A2 26 A6 13 00 00 00 00

001:006:000:STREAM             1613848863.343578
 01 10 A5 26 9E 13 00 00 00 00

001:006:000:STREAM             1613848863.349202
 01 10 A7 26 96 13 00 00 00 00

001:006:000:STREAM             1613848863.356491
 01 10 A7 26 91 13 00 00 00 00

001:006:000:STREAM             1613848863.362535
 01 10 A7 26 91 13 00 00 00 00

001:006:000:STREAM             1613848863.369325
 01 10 A7 26 91 13 00 00 00 00

001:006:000:STREAM             1613848863.375533
 01 10 A7 26 91 13 00 00 00 00

001:006:000:STREAM             1613848863.382201
 01 10 A7 26 91 13 00 00 00 00

001:006:000:STREAM             1613848863.388555
 01 10 A2 26 8C 13 00 00 00 00

001:006:000:STREAM             1613848863.395319
 01 10 9F 26 89 13 00 00 00 00

001:006:000:STREAM             1613848863.408582
 01 13 98 26 7E 13 00 00 00 00

001:006:000:STREAM             1613848863.414205
 01 13 90 26 6E 13 00 00 00 00

001:006:000:STREAM             1613848863.421440
 01 13 88 26 5E 13 00 00 00 00

001:006:000:STREAM             1613848863.427317
 01 13 80 26 4C 13 00 00 00 00

001:006:000:STREAM             1613848863.434238
 01 13 78 26 3C 13 00 00 00 00

001:006:000:STREAM             1613848863.440549
 01 13 6D 26 2C 13 00 00 00 00

001:006:000:STREAM             1613848863.447234
 01 13 68 26 1F 13 00 00 00 00

001:006:000:STREAM             1613848863.454190
 01 13 60 26 14 13 00 00 00 00

001:006:000:STREAM             1613848863.460562
 01 13 5B 26 0F 13 00 00 00 00

001:006:000:STREAM             1613848863.467485
 01 13 53 26 09 13 00 00 00 00

001:006:000:STREAM             1613848863.474449
 01 13 4E 26 07 13 00 00 00 00

001:006:000:STREAM             1613848863.480230
 01 13 46 26 07 13 00 00 00 00

001:006:000:STREAM             1613848863.487260
 01 13 41 26 09 13 00 00 00 00

001:006:000:STREAM             1613848863.493438
 01 13 3E 26 09 13 00 00 00 00

001:006:000:STREAM             1613848863.500248
 01 13 3E 26 09 13 00 00 00 00

001:006:000:STREAM             1613848863.506226
 01 13 3E 26 09 13 00 00 00 00

001:006:000:STREAM             1613848863.513226
 01 13 3E 26 09 13 00 00 00 00

001:006:000:STREAM             1613848863.520389
 01 13 3B 26 07 13 00 00 00 00

001:006:000:STREAM             1613848863.526189
 01 13 3E 26 04 13 00 00 00 00

001:006:000:STREAM             1613848863.533409
 01 13 3E 26 01 13 00 00 00 00

001:006:000:STREAM             1613848863.539242
 01 13 41 26 FF 12 00 00 00 00

001:006:000:STREAM             1613848863.546247
 01 13 43 26 FF 12 00 00 00 00

001:006:000:STREAM             1613848863.553240
 01 13 49 26 FC 12 00 00 00 00

001:006:000:STREAM             1613848863.559509
 01 13 4E 26 FC 12 00 00 00 00

001:006:000:STREAM             1613848863.566568
 01 13 56 26 FF 12 00 00 00 00

001:006:000:STREAM             1613848863.572245
 01 13 5B 26 04 13 00 00 00 00

001:006:000:STREAM             1613848863.579423
 01 13 63 26 0C 13 00 00 00 00

001:006:000:STREAM             1613848863.586386
 01 13 68 26 19 13 00 00 00 00

001:006:000:STREAM             1613848863.592604
 01 13 6D 26 29 13 00 00 00 00

001:006:000:STREAM             1613848863.605224
 01 10 70 26 41 13 00 00 00 00

001:006:000:STREAM             1613848863.612233
 01 10 73 26 5C 13 00 00 00 00

001:006:000:STREAM             1613848863.618177
 01 10 73 26 76 13 00 00 00 00

001:006:000:STREAM             1613848863.625191
 01 10 73 26 91 13 00 00 00 00

001:006:000:STREAM             1613848863.631208
 01 10 73 26 A9 13 00 00 00 00

001:006:000:STREAM             1613848863.638191
 01 10 70 26 BE 13 00 00 00 00

001:006:000:STREAM             1613848863.644202
 01 10 6D 26 D1 13 00 00 00 00

001:006:000:STREAM             1613848863.651172
 01 10 6D 26 DE 13 00 00 00 00

001:006:000:STREAM             1613848863.657198
 01 10 6B 26 E9 13 00 00 00 00

001:006:000:STREAM             1613848863.664546
 01 10 6B 26 E9 13 00 00 00 00

001:006:000:STREAM             1613848863.670202
 01 10 6B 26 E9 13 00 00 00 00

001:006:000:STREAM             1613848863.676491
 01 10 6D 26 EC 13 00 00 00 00

001:006:000:STREAM             1613848863.683212
 01 10 73 26 EC 13 00 00 00 00

001:006:000:STREAM             1613848863.689342
 01 10 78 26 E9 13 00 00 00 00

001:006:000:STREAM             1613848863.696231
 01 10 7D 26 E4 13 00 00 00 00

001:006:000:STREAM             1613848863.702207
 01 10 83 26 DE 13 00 00 00 00

001:006:000:STREAM             1613848863.709367
 01 10 85 26 D9 13 00 00 00 00

001:006:000:STREAM             1613848863.715441
 01 10 85 26 D9 13 00 00 00 00

001:006:000:STREAM             1613848863.722536
 01 10 83 26 D4 13 00 00 00 00

001:006:000:STREAM             1613848863.728298
 01 10 80 26 CC 13 00 00 00 00

001:006:000:STREAM             1613848863.741194
 01 13 75 26 C1 13 00 00 00 00

001:006:000:STREAM             1613848863.748535
 01 13 68 26 B6 13 00 00 00 00

001:006:000:STREAM             1613848863.754198
 01 13 5B 26 A9 13 00 00 00 00

001:006:000:STREAM             1613848863.761201
 01 13 4B 26 9C 13 00 00 00 00

001:006:000:STREAM             1613848863.768554
 01 13 3B 26 91 13 00 00 00 00

001:006:000:STREAM             1613848863.774517
 01 13 2C 26 86 13 00 00 00 00

001:006:000:STREAM             1613848863.781407
 01 13 1C 26 7E 13 00 00 00 00

001:006:000:STREAM             1613848863.787432
 01 13 0C 26 79 13 00 00 00 00

001:006:000:STREAM             1613848863.794205
 01 13 FF 25 74 13 00 00 00 00

001:006:000:STREAM             1613848863.801204
 01 13 F4 25 6E 13 00 00 00 00

001:006:000:STREAM             1613848863.807443
 01 13 EC 25 6C 13 00 00 00 00

001:006:000:STREAM             1613848863.814540
 01 13 E7 25 69 13 00 00 00 00

001:006:000:STREAM             1613848863.820242
 01 13 E5 25 64 13 00 00 00 00

001:006:000:STREAM             1613848863.827210
 01 13 E5 25 61 13 00 00 00 00

001:006:000:STREAM             1613848863.834247
 01 13 E5 25 5C 13 00 00 00 00

001:006:000:STREAM             1613848863.840585
 01 13 EA 25 56 13 00 00 00 00

001:006:000:STREAM             1613848863.847581
 01 13 EF 25 54 13 00 00 00 00

001:006:000:STREAM             1613848863.853412
 01 13 F4 25 4E 13 00 00 00 00

001:006:000:STREAM             1613848863.860222
 01 13 FA 25 4C 13 00 00 00 00

001:006:000:STREAM             1613848863.867274
 01 13 FF 25 49 13 00 00 00 00

001:006:000:STREAM             1613848863.873395
 01 13 02 26 47 13 00 00 00 00

001:006:000:STREAM             1613848863.880564
 01 13 04 26 44 13 00 00 00 00

001:006:000:STREAM             1613848863.886394
 01 13 09 26 44 13 00 00 00 00

001:006:000:STREAM             1613848863.893224
 01 13 0C 26 47 13 00 00 00 00

001:006:000:STREAM             1613848863.900558
 01 13 0F 26 49 13 00 00 00 00

001:006:000:STREAM             1613848863.906222
 01 13 14 26 4C 13 00 00 00 00

001:006:000:STREAM             1613848863.913199
 01 13 19 26 51 13 00 00 00 00

001:006:000:STREAM             1613848863.919225
 01 13 1E 26 59 13 00 00 00 00

001:006:000:STREAM             1613848863.926353
 01 13 24 26 64 13 00 00 00 00

001:006:000:STREAM             1613848863.933213
 01 13 29 26 6E 13 00 00 00 00

001:006:000:STREAM             1613848863.939193
 01 13 2E 26 51 13 00 00 00 00

001:006:000:STREAM             1613848863.946531
 01 10 34 26 64 13 00 00 00 00

001:006:000:STREAM             1613848863.952206
 01 10 36 26 79 13 00 00 00 00

001:006:000:STREAM             1613848863.959209
 01 10 39 26 8E 13 00 00 00 00

001:006:000:STREAM             1613848863.965193
 01 10 3E 26 A6 13 00 00 00 00

001:006:000:STREAM             1613848863.972555
 01 10 41 26 BC 13 00 00 00 00

001:006:000:STREAM             1613848863.978531
 01 10 43 26 CC 13 00 00 00 00

001:006:000:STREAM             1613848863.985171
 01 10 49 26 DE 13 00 00 00 00

001:006:000:STREAM             1613848863.991558
 01 10 4E 26 E9 13 00 00 00 00

001:006:000:STREAM             1613848863.997349
 01 10 53 26 F6 13 00 00 00 00

001:006:000:STREAM             1613848864.004515
 01 10 58 26 FE 13 00 00 00 00

001:006:000:STREAM             1613848864.010217
 01 10 58 26 FE 13 00 00 00 00

001:006:000:STREAM             1613848864.017197
 01 10 58 26 FE 13 00 00 00 00

001:006:000:STREAM             1613848864.023554
 01 10 5E 26 03 14 00 00 00 00

001:006:000:STREAM             1613848864.030531
 01 10 63 26 03 14 00 00 00 00

001:006:000:STREAM             1613848864.036239
 01 10 63 26 03 14 00 00 00 00

001:006:000:STREAM             1613848864.043173
 01 10 63 26 03 14 00 00 00 00

001:006:000:STREAM             1613848864.049179
 01 10 63 26 03 14 00 00 00 00

001:006:000:STREAM             1613848864.056589
 01 10 63 26 03 14 00 00 00 00

001:006:000:STREAM             1613848864.062210
 01 10 63 26 03 14 00 00 00 00

001:006:000:STREAM             1613848864.068504
 01 10 6D 26 01 14 00 00 00 00

001:006:000:STREAM             1613848864.075425
 01 10 6D 26 01 14 00 00 00 00

001:006:000:STREAM             1613848864.081217
 01 10 78 26 FE 13 00 00 00 00

001:006:000:STREAM             1613848864.088259
 01 10 78 26 FE 13 00 00 00 00

001:006:000:STREAM             1613848864.094587
 01 10 80 26 01 14 00 00 00 00

001:006:000:STREAM             1613848864.101405
 01 10 80 26 01 14 00 00 00 00

001:006:000:STREAM             1613848864.107225
 01 10 8D 26 09 14 00 00 00 00

001:006:000:STREAM             1613848864.114151
 01 10 9A 26 13 14 00 00 00 00

001:006:000:STREAM             1613848864.120170
 01 10 A5 26 23 14 00 00 00 00

001:006:000:STREAM             1613848864.127182
 01 10 AD 26 39 14 00 00 00 00

001:006:000:STREAM             1613848864.133191
 01 10 B2 26 51 14 00 00 00 00

001:006:000:STREAM             1613848864.152126
 01 00 B2 26 51 14 00 00 00 00

