001:006:000:STREAM             1613848832.841652
 01 10 8F 3B D9 08 00 00 00 00

001:006:000:STREAM             1613848832.848618
 01 10 97 3B D6 08 00 00 00 00

001:006:000:STREAM             1613848832.854614
 01 10 A7 3B D6 08 00 00 00 00

001:006:000:STREAM             1613848832.862089
 01 10 BA 3B D3 08 00 00 00 00

001:006:000:STREAM             1613848832.867910
 01 10 D4 3B CE 08 00 00 00 00

001:006:000:STREAM             1613848832.875147
 01 10 F1 3B C9 08 00 00 00 00

001:006:000:STREAM             1613848832.880621
 01 10 10 3C C1 08 00 00 00 00

001:006:000:STREAM             1613848832.888158
 01 10 33 3C B6 08 00 00 00 00

001:006:000:STREAM             1613848832.893945
 01 10 58 3C AE 08 00 00 00 00

001:006:000:STREAM             1613848832.900632
 01 10 7C 3C A3 08 00 00 00 00

001:006:000:STREAM             1613848832.906762
 01 10 A4 3C 99 08 00 00 00 00

001:006:000:STREAM             1613848832.913961
 01 10 C9 3C 8E 08 00 00 00 00

001:006:000:STREAM             1613848832.919899
 01 10 EB 3C 86 08 00 00 00 00

001:006:000:STREAM             1613848832.927019
 01 10 0D 3D 7C 08 00 00 00 00

001:006:000:STREAM             1613848832.932694
 01 10 2F 3D 74 08 00 00 00 00

001:006:000:STREAM             1613848832.939977
 01 10 4F 3D 6C 08 00 00 00 00

001:006:000:STREAM             1613848832.945928
 01 10 6C 3D 66 08 00 00 00 00

001:006:000:STREAM             1613848832.952786
 01 10 89 3D 64 08 00 00 00 00

001:006:000:STREAM             1613848832.959029
 01 10 A1 3D 61 08 00 00 00 00

001:006:000:STREAM             1613848832.965694
 01 10 BB 3D 64 08 00 00 00 00

001:006:000:STREAM             1613848832.971868
 01 10 D3 3D 64 08 00 00 00 00

001:006:000:STREAM             1613848832.978760
 01 10 E8 3D 64 08 00 00 00 00

001:006:000:STREAM             1613848832.984689
 01 10 FA 3D 64 08 00 00 00 00

001:006:000:STREAM             1613848832.991807
 01 10 0D 3E 61 08 00 00 00 00

001:006:000:STREAM             1613848832.997666
 01 10 1C 3E 5C 08 00 00 00 00

001:006:000:STREAM             1613848833.004686
 01 10 27 3E 54 08 00 00 00 00

001:006:000:STREAM             1613848833.010687
 01 10 31 3E 4E 08 00 00 00 00

001:006:000:STREAM             1613848833.017916
 01 10 34 3E 44 08 00 00 00 00

001:006:000:STREAM             1613848833.024037
 01 10 34 3E 3C 08 00 00 00 00

001:006:000:STREAM             1613848833.030675
 01 10 37 3E 31 08 00 00 00 00

001:006:000:STREAM             1613848833.036666
 01 11 31 3E 2C 08 5A 03 00 00

001:006:000:STREAM             1613848833.043974
 01 11 29 3E 26 08 58 03 00 00

001:006:000:STREAM             1613848833.049870
 01 11 1F 3E 24 08 52 03 00 00

001:006:000:STREAM             1613848833.056632
 01 11 12 3E 21 08 49 03 00 00

001:006:000:STREAM             1613848833.062650
 01 11 05 3E 21 08 3D 03 00 00

001:006:000:STREAM             1613848833.069894
 01 11 F5 3D 1E 08 34 03 00 00

001:006:000:STREAM             1613848833.075768
 01 11 E0 3D 1E 08 2D 03 00 00

001:006:000:STREAM             1613848833.082669
 01 11 C8 3D 1E 08 29 03 00 00

001:006:000:STREAM             1613848833.088665
 01 11 AE 3D 21 08 29 03 00 00

001:006:000:STREAM             1613848833.095984
 01 11 8E 3D 21 08 2E 03 00 00

001:006:000:STREAM             1613848833.102661
 01 11 69 3D 24 08 38 03 00 00

001:006:000:STREAM             1613848833.108634
 01 11 3F 3D 29 08 49 03 00 00

001:006:000:STREAM             1613848833.115643
 01 11 10 3D 2E 08 59 03 00 00

001:006:000:STREAM             1613848833.121619
 01 11 DE 3C 36 08 67 03 00 00

001:006:000:STREAM             1613848833.128613
 01 11 A4 3C 3E 08 77 03 00 00

001:006:000:STREAM             1613848833.134650
 01 11 67 3C 46 08 88 03 00 00

001:006:000:STREAM             1613848833.141652
 01 11 28 3C 4E 08 9A 03 00 00

001:006:000:STREAM             1613848833.147651
 01 11 E6 3B 56 08 B0 03 00 00

001:006:000:STREAM             1613848833.154639
 01 11 9F 3B 5C 08 BE 03 00 00

001:006:000:STREAM             1613848833.160620
 01 11 58 3B 64 08 C7 03 00 00

001:006:000:STREAM             1613848833.167610
 01 11 0E 3B 69 08 CE 03 00 00

001:006:000:STREAM             1613848833.173996
 01 11 C5 3A 71 08 D7 03 00 00

001:006:000:STREAM             1613848833.180899
 01 11 76 3A 76 08 E3 03 00 00

001:006:000:STREAM             1613848833.186844
 01 11 24 3A 7C 08 F0 03 00 00

001:006:000:STREAM             1613848833.193905
 01 11 CD 39 81 08 07 04 00 00

001:006:000:STREAM             1613848833.200748
 01 11 76 39 84 08 2B 04 00 00

001:006:000:STREAM             1613848833.207087
 01 11 1D 39 89 08 5E 04 00 00

001:006:000:STREAM             1613848833.213929
 01 11 C1 38 8C 08 98 04 00 00

001:006:000:STREAM             1613848833.219945
 01 11 62 38 8E 08 D9 04 00 00

001:006:000:STREAM             1613848833.226694
 01 11 03 38 8E 08 20 05 00 00

001:006:000:STREAM             1613848833.232622
 01 11 9F 37 91 08 6B 05 00 00

001:006:000:STREAM             1613848833.239637
 01 11 3B 37 91 08 B1 05 00 00

001:006:000:STREAM             1613848833.245670
 01 11 D4 36 93 08 EF 05 00 00

001:006:000:STREAM             1613848833.252756
 01 11 6B 36 93 08 29 06 00 00

001:006:000:STREAM             1613848833.258660
 01 11 FF 35 96 08 58 06 00 00

001:006:000:STREAM             1613848833.265653
 01 11 93 35 96 08 7F 06 00 00

001:006:000:STREAM             1613848833.272003
 01 11 25 35 99 08 9F 06 00 00

001:006:000:STREAM             1613848833.278665
 01 11 B6 34 9B 08 BC 06 00 00

001:006:000:STREAM             1613848833.284657
 01 11 42 34 9E 08 D0 06 00 00

001:006:000:STREAM             1613848833.291781
 01 11 CE 33 A1 08 E0 06 00 00

001:006:000:STREAM             1613848833.297894
 01 11 5B 33 A3 08 F0 06 00 00

001:006:000:STREAM             1613848833.304675
 01 11 E4 32 A6 08 F5 06 00 00

001:006:000:STREAM             1613848833.311628
 01 11 73 32 A9 08 F4 06 00 00

001:006:000:STREAM             1613848833.317653
 01 11 FF 31 AB 08 F2 06 00 00

001:006:000:STREAM             1613848833.324661
 01 11 89 31 AE 08 F3 06 00 00

001:006:000:STREAM             1613848833.330998
 01 11 12 31 B1 08 FB 06 00 00

001:006:000:STREAM             1613848833.337911
 01 11 9C 30 B3 08 0C 07 00 00

001:006:000:STREAM             1613848833.343629
 01 11 25 30 B6 08 27 07 00 00

001:006:000:STREAM             1613848833.351007
 01 11 AC 2F B9 08 45 07 00 00

001:006:000:STREAM             1613848833.356688
 01 11 36 2F BB 08 66 07 00 00

001:006:000:STREAM             1613848833.363661
 01 11 BD 2E BE 08 8C 07 00 00

001:006:000:STREAM             1613848833.369936
 01 11 43 2E C1 08 AB 07 00 00

001:006:000:STREAM             1613848833.376665
 01 11 CA 2D C6 08 C5 07 00 00

001:006:000:STREAM             1613848833.382738
 01 11 51 2D C9 08 DE 07 00 00

001:006:000:STREAM             1613848833.389670
 01 11 D8 2C CE 08 EC 07 00 00

001:006:000:STREAM             1613848833.395811
 01 11 5C 2C D1 08 FA 07 00 00

001:006:000:STREAM             1613848833.402757
 01 11 E3 2B D6 08 06 08 00 00

001:006:000:STREAM             1613848833.408645
 01 11 68 2B DB 08 0A 08 00 00

001:006:000:STREAM             1613848833.415643
 01 11 EF 2A E1 08 0E 08 00 00

001:006:000:STREAM             1613848833.423001
 01 11 78 2A E3 08 0E 08 00 00

001:006:000:STREAM             1613848833.428658
 01 11 02 2A E9 08 14 08 00 00

001:006:000:STREAM             1613848833.435663
 01 11 89 29 EB 08 1A 08 00 00

001:006:000:STREAM             1613848833.441665
 01 11 12 29 EE 08 21 08 00 00

001:006:000:STREAM             1613848833.448687
 01 11 9C 28 F1 08 27 08 00 00

001:006:000:STREAM             1613848833.455001
 01 11 25 28 F3 08 2C 08 00 00

001:006:000:STREAM             1613848833.461617
 01 11 AF 27 F6 08 30 08 00 00

001:006:000:STREAM             1613848833.467849
 01 11 38 27 F9 08 36 08 00 00

001:006:000:STREAM             1613848833.474674
 01 11 BF 26 FB 08 38 08 00 00

001:006:000:STREAM             1613848833.480665
 01 11 46 26 FE 08 3A 08 00 00

001:006:000:STREAM             1613848833.487740
 01 11 D0 25 03 09 3D 08 00 00

001:006:000:STREAM             1613848833.493946
 01 11 56 25 06 09 32 08 00 00

001:006:000:STREAM             1613848833.500661
 01 11 E3 24 0B 09 20 08 00 00

001:006:000:STREAM             1613848833.506656
 01 11 6F 24 11 09 0E 08 00 00

001:006:000:STREAM             1613848833.513674
 01 11 F8 23 19 09 FD 07 00 00

001:006:000:STREAM             1613848833.519930
 01 11 84 23 1E 09 F4 07 00 00

001:006:000:STREAM             1613848833.527007
 01 11 11 23 26 09 F5 07 00 00

001:006:000:STREAM             1613848833.532664
 01 11 9D 22 2B 09 03 08 00 00

001:006:000:STREAM             1613848833.539608
 01 11 26 22 33 09 15 08 00 00

001:006:000:STREAM             1613848833.545666
 01 11 B2 21 3E 09 2D 08 00 00

001:006:000:STREAM             1613848833.552667
 01 11 3F 21 46 09 4A 08 00 00

001:006:000:STREAM             1613848833.560009
 01 11 CB 20 50 09 65 08 00 00

001:006:000:STREAM             1613848833.565623
 01 11 57 20 5B 09 7F 08 00 00

001:006:000:STREAM             1613848833.572628
 01 11 E1 1F 66 09 97 08 00 00

001:006:000:STREAM             1613848833.578670
 01 11 6D 1F 70 09 B1 08 00 00

001:006:000:STREAM             1613848833.585667
 01 11 F9 1E 7E 09 C7 08 00 00

001:006:000:STREAM             1613848833.591626
 01 11 85 1E 88 09 DB 08 00 00

001:006:000:STREAM             1613848833.598599
 01 11 11 1E 96 09 F0 08 00 00

001:006:000:STREAM             1613848833.604661
 01 11 9D 1D A0 09 01 09 00 00

001:006:000:STREAM             1613848833.611887
 01 11 2A 1D AE 09 10 09 00 00

001:006:000:STREAM             1613848833.617893
 01 11 B8 1C B8 09 20 09 00 00

001:006:000:STREAM             1613848833.624672
 01 11 44 1C C3 09 22 09 00 00

001:006:000:STREAM             1613848833.630657
 01 11 D6 1B CE 09 1B 09 00 00

001:006:000:STREAM             1613848833.637915
 01 11 67 1B DB 09 0F 09 00 00

001:006:000:STREAM             1613848833.643623
 01 11 FB 1A E6 09 07 09 00 00

001:006:000:STREAM             1613848833.650755
 01 11 92 1A F0 09 04 09 00 00

001:006:000:STREAM             1613848833.656669
 01 11 26 1A FB 09 07 09 00 00

001:006:000:STREAM             1613848833.663669
 01 11 BF 19 05 0A 11 09 00 00

001:006:000:STREAM             1613848833.670610
 01 11 59 19 10 0A 21 09 00 00

001:006:000:STREAM             1613848833.676684
 01 11 F5 18 1B 0A 34 09 00 00

001:006:000:STREAM             1613848833.683668
 01 11 91 18 23 0A 46 09 00 00

001:006:000:STREAM             1613848833.689634
 01 11 32 18 2D 0A 58 09 00 00

001:006:000:STREAM             1613848833.696663
 01 11 D3 17 35 0A 6B 09 00 00

001:006:000:STREAM             1613848833.702843
 01 11 77 17 40 0A 77 09 00 00

001:006:000:STREAM             1613848833.709950
 01 11 1B 17 48 0A 80 09 00 00

001:006:000:STREAM             1613848833.715627
 01 11 C4 16 50 0A 88 09 00 00

001:006:000:STREAM             1613848833.722681
 01 11 70 16 55 0A 91 09 00 00

001:006:000:STREAM             1613848833.728652
 01 11 21 16 5D 0A 9C 09 00 00

001:006:000:STREAM             1613848833.735747
 01 11 D2 15 63 0A A3 09 00 00

001:006:000:STREAM             1613848833.741627
 01 11 88 15 68 0A AB 09 00 00

001:006:000:STREAM             1613848833.748589
 01 11 41 15 6D 0A B0 09 00 00

001:006:000:STREAM             1613848833.755007
 01 11 FD 14 73 0A B4 09 00 00

001:006:000:STREAM             1613848833.761660
 01 11 BD 14 78 0A B8 09 00 00

001:006:000:STREAM             1613848833.767628
 01 11 84 14 7B 0A A8 09 00 00

001:006:000:STREAM             1613848833.775012
 01 11 4C 14 7D 0A 99 09 00 00

001:006:000:STREAM             1613848833.781018
 01 11 18 14 83 0A 8E 09 00 00

001:006:000:STREAM             1613848833.787679
 01 11 E6 13 85 0A 86 09 00 00

001:006:000:STREAM             1613848833.794618
 01 11 B6 13 88 0A 81 09 00 00

001:006:000:STREAM             1613848833.800643
 01 11 89 13 8D 0A 82 09 00 00

001:006:000:STREAM             1613848833.808042
 01 11 62 13 90 0A 87 09 00 00

001:006:000:STREAM             1613848833.813875
 01 11 3A 13 95 0A 8E 09 00 00

001:006:000:STREAM             1613848833.820664
 01 11 16 13 9B 0A 98 09 00 00

001:006:000:STREAM             1613848833.826764
 01 11 F3 12 A0 0A A1 09 00 00

001:006:000:STREAM             1613848833.833902
 01 11 D1 12 A3 0A A7 09 00 00

001:006:000:STREAM             1613848833.840014
 01 11 B4 12 A8 0A A5 09 00 00

001:006:000:STREAM             1613848833.847013
 01 11 97 12 AD 0A 99 09 00 00

001:006:000:STREAM             1613848833.852671
 01 11 7D 12 B0 0A 7C 09 00 00

001:006:000:STREAM             1613848833.859869
 01 11 68 12 B5 0A 3E 09 00 00

001:006:000:STREAM             1613848833.865863
 01 11 53 12 B8 0A D1 08 00 00

001:006:000:STREAM             1613848833.872627
 01 11 43 12 BD 0A 17 08 00 00

001:006:000:STREAM             1613848833.879014
 01 11 33 12 C2 0A FD 06 00 00

001:006:000:STREAM             1613848833.885639
 01 11 26 12 C8 0A 71 05 00 00

001:006:000:STREAM             1613848833.891774
 01 11 19 12 CD 0A EC 03 00 00

001:006:000:STREAM             1613848833.898628
 01 11 11 12 D5 0A 61 02 00 00

001:006:000:STREAM             1613848833.904753
 01 10 0E 12 DD 0A 00 00 00 00

001:006:000:STREAM             1613848833.911822
 01 10 14 12 E8 0A 00 00 00 00

001:006:000:STREAM             1613848833.917649
 01 10 1B 12 F5 0A 00 00 00 00

001:006:000:STREAM             1613848833.924675
 01 10 2E 12 05 0B 00 00 00 00

001:006:000:STREAM             1613848833.930742
 01 10 43 12 18 0B 00 00 00 00

001:006:000:STREAM             1613848833.937958
 01 10 63 12 28 0B 00 00 00 00

001:006:000:STREAM             1613848833.944016
 01 10 8A 12 3D 0B 00 00 00 00

001:006:000:STREAM             1613848833.950619
 01 10 B9 12 52 0B 00 00 00 00

001:006:000:STREAM             1613848833.956639
 01 10 EE 12 68 0B 00 00 00 00

001:006:000:STREAM             1613848833.963999
 01 10 2D 13 7D 0B 00 00 00 00

001:006:000:STREAM             1613848833.969642
 01 10 6F 13 95 0B 00 00 00 00

001:006:000:STREAM             1613848833.976656
 01 10 B6 13 B2 0B 00 00 00 00

001:006:000:STREAM             1613848833.982675
 01 10 05 14 CD 0B 00 00 00 00

001:006:000:STREAM             1613848833.989683
 01 10 57 14 E7 0B 00 00 00 00

001:006:000:STREAM             1613848833.995641
 01 10 B0 14 05 0C 00 00 00 00

001:006:000:STREAM             1613848834.002677
 01 10 12 15 1F 0C 00 00 00 00

001:006:000:STREAM             1613848834.008660
 01 10 76 15 3F 0C 00 00 00 00

001:006:000:STREAM             1613848834.015662
 01 10 E4 15 5C 0C 00 00 00 00

001:006:000:STREAM             1613848834.021652
 01 10 55 16 7A 0C 00 00 00 00

001:006:000:STREAM             1613848834.029029
 01 10 CF 16 94 0C 00 00 00 00

001:006:000:STREAM             1613848834.034782
 01 10 4D 17 B2 0C 00 00 00 00

001:006:000:STREAM             1613848834.041905
 01 10 CB 17 C4 0C 00 00 00 00

001:006:000:STREAM             1613848834.060685
 01 00 CB 17 C4 0C 00 00 00 00

001:006:000:STREAM             1613848834.624037
 01 10 96 35 46 0F 00 00 00 00

001:006:000:STREAM             1613848834.629944
 01 10 96 35 46 0F 00 00 00 00

001:006:000:STREAM             1613848834.635633
 01 10 96 35 46 0F 00 00 00 00

001:006:000:STREAM             1613848834.642685
 01 10 96 35 46 0F 00 00 00 00

001:006:000:STREAM             1613848834.649033
 01 10 96 35 46 0F 00 00 00 00

001:006:000:STREAM             1613848834.655680
 01 10 96 35 46 0F 00 00 00 00

001:006:000:STREAM             1613848834.661948
 01 10 96 35 46 0F 00 00 00 00

001:006:000:STREAM             1613848834.668689
 01 10 96 35 46 0F 00 00 00 00

001:006:000:STREAM             1613848834.674786
 01 10 96 35 46 0F 00 00 00 00

001:006:000:STREAM             1613848834.681924
 01 10 96 35 46 0F 00 00 00 00

001:006:000:STREAM             1613848834.687631
 01 10 96 35 46 0F 00 00 00 00

001:006:000:STREAM             1613848834.693976
 01 10 96 35 46 0F 00 00 00 00

001:006:000:STREAM             1613848834.700781
 01 10 96 35 46 0F 00 00 00 00

001:006:000:STREAM             1613848834.706745
 01 10 96 35 46 0F 00 00 00 00

001:006:000:STREAM             1613848834.713685
 01 10 91 35 56 0F 00 00 00 00

001:006:000:STREAM             1613848834.719657
 01 10 91 35 56 0F 00 00 00 00

001:006:000:STREAM             1613848834.727068
 01 10 8E 35 68 0F 00 00 00 00

001:006:000:STREAM             1613848834.732687
 01 10 8E 35 68 0F 00 00 00 00

001:006:000:STREAM             1613848834.739828
 01 10 89 35 78 0F 00 00 00 00

001:006:000:STREAM             1613848834.745982
 01 10 86 35 8B 0F 00 00 00 00

001:006:000:STREAM             1613848834.752700
 01 10 86 35 8B 0F 00 00 00 00

001:006:000:STREAM             1613848834.758694
 01 10 81 35 A0 0F 00 00 00 00

001:006:000:STREAM             1613848834.764679
 01 10 81 35 A0 0F 00 00 00 00

001:006:000:STREAM             1613848834.771691
 01 10 7E 35 B3 0F 00 00 00 00

001:006:000:STREAM             1613848834.777665
 01 10 7E 35 B3 0F 00 00 00 00

001:006:000:STREAM             1613848834.784617
 01 10 7E 35 B3 0F 00 00 00 00

001:006:000:STREAM             1613848834.790629
 01 10 79 35 C5 0F 00 00 00 00

001:006:000:STREAM             1613848834.797631
 01 10 79 35 C5 0F 00 00 00 00

001:006:000:STREAM             1613848834.803628
 01 10 79 35 C5 0F 00 00 00 00

001:006:000:STREAM             1613848834.810622
 01 10 79 35 C5 0F 00 00 00 00

001:006:000:STREAM             1613848834.817121
 01 10 79 35 DB 0F 00 00 00 00

001:006:000:STREAM             1613848834.823711
 01 10 79 35 DB 0F 00 00 00 00

001:006:000:STREAM             1613848834.829704
 01 10 79 35 DB 0F 00 00 00 00

001:006:000:STREAM             1613848834.836663
 01 10 79 35 DB 0F 00 00 00 00

001:006:000:STREAM             1613848834.842704
 01 10 79 35 DB 0F 00 00 00 00

001:006:000:STREAM             1613848834.848627
 01 10 81 35 ED 0F 00 00 00 00

001:006:000:STREAM             1613848834.855687
 01 10 8E 35 FD 0F 00 00 00 00

001:006:000:STREAM             1613848834.861664
 01 10 9B 35 0B 10 00 00 00 00

001:006:000:STREAM             1613848834.868639
 01 10 AE 35 13 10 00 00 00 00

001:006:000:STREAM             1613848834.874636
 01 10 C0 35 1D 10 00 00 00 00

001:006:000:STREAM             1613848834.881634
 01 10 D5 35 23 10 00 00 00 00

001:006:000:STREAM             1613848834.887637
 01 10 EA 35 25 10 00 00 00 00

001:006:000:STREAM             1613848834.895188
 01 10 02 36 25 10 00 00 00 00

001:006:000:STREAM             1613848834.900643
 01 10 1F 36 25 10 00 00 00 00

001:006:000:STREAM             1613848834.907981
 01 10 39 36 23 10 00 00 00 00

001:006:000:STREAM             1613848834.913683
 01 10 59 36 20 10 00 00 00 00

001:006:000:STREAM             1613848834.920646
 01 10 78 36 1B 10 00 00 00 00

001:006:000:STREAM             1613848834.926995
 01 10 9D 36 15 10 00 00 00 00

001:006:000:STREAM             1613848834.933932
 01 10 C2 36 10 10 00 00 00 00

001:006:000:STREAM             1613848834.939636
 01 10 E9 36 08 10 00 00 00 00

001:006:000:STREAM             1613848834.946732
 01 10 14 37 00 10 00 00 00 00

001:006:000:STREAM             1613848834.952724
 01 10 43 37 F5 0F 00 00 00 00

001:006:000:STREAM             1613848834.960075
 01 10 70 37 ED 0F 00 00 00 00

001:006:000:STREAM             1613848834.965958
 01 10 9F 37 E3 0F 00 00 00 00

001:006:000:STREAM             1613848834.972719
 01 10 D1 37 D8 0F 00 00 00 00

001:006:000:STREAM             1613848834.978905
 01 10 01 38 D3 0F 00 00 00 00

001:006:000:STREAM             1613848834.985707
 01 10 33 38 C5 0F 00 00 00 00

001:006:000:STREAM             1613848834.992072
 01 10 67 38 BB 0F 00 00 00 00

001:006:000:STREAM             1613848834.999075
 01 10 9F 38 B0 0F 00 00 00 00

001:006:000:STREAM             1613848835.004719
 01 10 D6 38 A6 0F 00 00 00 00

001:006:000:STREAM             1613848835.011720
 01 10 10 39 98 0F 00 00 00 00

001:006:000:STREAM             1613848835.017671
 01 10 47 39 90 0F 00 00 00 00

001:006:000:STREAM             1613848835.024686
 01 10 84 39 86 0F 00 00 00 00

001:006:000:STREAM             1613848835.031076
 01 10 C5 39 7B 0F 00 00 00 00

001:006:000:STREAM             1613848835.037684
 01 10 07 3A 70 0F 00 00 00 00

001:006:000:STREAM             1613848835.043894
 01 10 46 3A 60 0F 00 00 00 00

001:006:000:STREAM             1613848835.049738
 01 10 88 3A 56 0F 00 00 00 00

001:006:000:STREAM             1613848835.056696
 01 10 CA 3A 4B 0F 00 00 00 00

001:006:000:STREAM             1613848835.062729
 01 10 09 3B 40 0F 00 00 00 00

001:006:000:STREAM             1613848835.069877
 01 10 46 3B 33 0F 00 00 00 00

001:006:000:STREAM             1613848835.076065
 01 10 82 3B 2B 0F 00 00 00 00

001:006:000:STREAM             1613848835.082723
 01 10 BC 3B 20 0F 00 00 00 00

001:006:000:STREAM             1613848835.088828
 01 10 F6 3B 18 0F 00 00 00 00

001:006:000:STREAM             1613848835.095732
 01 10 2D 3C 10 0F 00 00 00 00

001:006:000:STREAM             1613848835.101741
 01 10 65 3C 06 0F 00 00 00 00

001:006:000:STREAM             1613848835.108759
 01 10 99 3C FE 0E 00 00 00 00

001:006:000:STREAM             1613848835.114694
 01 10 CB 3C F6 0E 00 00 00 00

001:006:000:STREAM             1613848835.121718
 01 10 FD 3C EE 0E 00 00 00 00

001:006:000:STREAM             1613848835.127730
 01 10 2D 3D E9 0E 00 00 00 00

001:006:000:STREAM             1613848835.135070
 01 10 59 3D E6 0E 00 00 00 00

001:006:000:STREAM             1613848835.140697
 01 10 86 3D E1 0E 00 00 00 00

001:006:000:STREAM             1613848835.147873
 01 10 B0 3D DE 0E 00 00 00 00

001:006:000:STREAM             1613848835.154009
 01 10 D8 3D DB 0E 00 00 00 00

001:006:000:STREAM             1613848835.160730
 01 10 FD 3D D9 0E 00 00 00 00

001:006:000:STREAM             1613848835.166679
 01 10 1F 3E DB 0E 00 00 00 00

001:006:000:STREAM             1613848835.174029
 01 10 3F 3E DE 0E 00 00 00 00

001:006:000:STREAM             1613848835.180061
 01 10 5E 3E E1 0E 00 00 00 00

001:006:000:STREAM             1613848835.186693
 01 10 78 3E E6 0E 00 00 00 00

001:006:000:STREAM             1613848835.192638
 01 10 93 3E EE 0E 00 00 00 00

001:006:000:STREAM             1613848835.200086
 01 10 A8 3E F3 0E 00 00 00 00

001:006:000:STREAM             1613848835.205990
 01 10 BD 3E F9 0E 00 00 00 00

001:006:000:STREAM             1613848835.212729
 01 10 CD 3E FB 0E 00 00 00 00

001:006:000:STREAM             1613848835.218738
 01 10 DA 3E FE 0E 00 00 00 00

001:006:000:STREAM             1613848835.225662
 01 10 DA 3E FE 0E 00 00 00 00

001:006:000:STREAM             1613848835.231775
 01 10 DA 3E FE 0E 00 00 00 00

001:006:000:STREAM             1613848835.237708
 01 10 E4 3E FE 0E 00 00 00 00

001:006:000:STREAM             1613848835.244682
 01 10 E4 3E FE 0E 00 00 00 00

001:006:000:STREAM             1613848835.250857
 01 10 E4 3E FE 0E 00 00 00 00

001:006:000:STREAM             1613848835.257691
 01 10 E4 3E FE 0E 00 00 00 00

001:006:000:STREAM             1613848835.263872
 01 10 E4 3E FE 0E 00 00 00 00

001:006:000:STREAM             1613848835.270683
 01 10 E2 3E FE 0E 00 00 00 00

001:006:000:STREAM             1613848835.276767
 01 10 DC 3E FB 0E 00 00 00 00

001:006:000:STREAM             1613848835.283983
 01 10 D2 3E FB 0E 00 00 00 00

001:006:000:STREAM             1613848835.289691
 01 10 C0 3E F9 0E 00 00 00 00

001:006:000:STREAM             1613848835.297042
 01 10 AD 3E F6 0E 00 00 00 00

001:006:000:STREAM             1613848835.302872
 01 10 93 3E F6 0E 00 00 00 00

001:006:000:STREAM             1613848835.309933
 01 10 3C 3E FB 0E 00 00 00 00

001:006:000:STREAM             1613848835.315703
 01 10 22 3E FB 0E 00 00 00 00

001:006:000:STREAM             1613848835.322679
 01 11 07 3E FE 0E 1D 03 00 00

001:006:000:STREAM             1613848835.328678
 01 11 ED 3D 00 0F 17 03 00 00

001:006:000:STREAM             1613848835.335707
 01 11 D0 3D 06 0F 11 03 00 00

001:006:000:STREAM             1613848835.341681
 01 11 B0 3D 0B 0F 0B 03 00 00

001:006:000:STREAM             1613848835.348765
 01 11 8E 3D 10 0F 0D 03 00 00

001:006:000:STREAM             1613848835.354675
 01 11 69 3D 16 0F 12 03 00 00

001:006:000:STREAM             1613848835.361948
 01 11 3F 3D 1B 0F 21 03 00 00

001:006:000:STREAM             1613848835.367705
 01 11 10 3D 20 0F 37 03 00 00

001:006:000:STREAM             1613848835.374699
 01 11 DB 3C 28 0F 50 03 00 00

001:006:000:STREAM             1613848835.380723
 01 11 9F 3C 30 0F 6F 03 00 00

001:006:000:STREAM             1613848835.387689
 01 11 58 3C 3B 0F 8F 03 00 00

001:006:000:STREAM             1613848835.394683
 01 11 0E 3C 43 0F B1 03 00 00

001:006:000:STREAM             1613848835.400818
 01 11 BC 3B 50 0F D3 03 00 00

001:006:000:STREAM             1613848835.408076
 01 11 63 3B 5B 0F F8 03 00 00

001:006:000:STREAM             1613848835.413729
 01 11 04 3B 68 0F 1F 04 00 00

001:006:000:STREAM             1613848835.420797
 01 11 A5 3A 76 0F 48 04 00 00

001:006:000:STREAM             1613848835.427016
 01 11 3E 3A 80 0F 66 04 00 00

001:006:000:STREAM             1613848835.433970
 01 11 D8 39 8E 0F 7E 04 00 00

001:006:000:STREAM             1613848835.440072
 01 11 6C 39 98 0F 90 04 00 00

001:006:000:STREAM             1613848835.446744
 01 11 FD 38 A0 0F 9D 04 00 00

001:006:000:STREAM             1613848835.452819
 01 11 8C 38 AB 0F A7 04 00 00

001:006:000:STREAM             1613848835.459840
 01 11 16 38 B3 0F B4 04 00 00

001:006:000:STREAM             1613848835.465741
 01 11 9D 37 BB 0F C2 04 00 00

001:006:000:STREAM             1613848835.472695
 01 11 1E 37 C3 0F D6 04 00 00

001:006:000:STREAM             1613848835.478733
 01 11 9D 36 C8 0F F6 04 00 00

001:006:000:STREAM             1613848835.485729
 01 11 17 36 D0 0F 1E 05 00 00

001:006:000:STREAM             1613848835.491987
 01 11 8E 35 D8 0F 4E 05 00 00

001:006:000:STREAM             1613848835.498745
 01 11 00 35 E0 0F 88 05 00 00

001:006:000:STREAM             1613848835.504757
 01 11 6F 34 E8 0F C0 05 00 00

001:006:000:STREAM             1613848835.511733
 01 11 DE 33 F3 0F F7 05 00 00

001:006:000:STREAM             1613848835.518718
 01 11 43 33 FD 0F 2D 06 00 00

001:006:000:STREAM             1613848835.524720
 01 11 A5 32 08 10 65 06 00 00

001:006:000:STREAM             1613848835.531726
 01 11 07 32 15 10 A4 06 00 00

001:006:000:STREAM             1613848835.538020
 01 11 64 31 20 10 DB 06 00 00

001:006:000:STREAM             1613848835.544692
 01 11 C1 30 2D 10 0F 07 00 00

001:006:000:STREAM             1613848835.551041
 01 11 18 30 3B 10 38 07 00 00

001:006:000:STREAM             1613848835.557949
 01 11 6D 2F 48 10 5D 07 00 00

001:006:000:STREAM             1613848835.564032
 01 11 BD 2E 55 10 78 07 00 00

001:006:000:STREAM             1613848835.570709
 01 11 0C 2E 63 10 8D 07 00 00

001:006:000:STREAM             1613848835.576643
 01 11 59 2D 6D 10 9A 07 00 00

001:006:000:STREAM             1613848835.584034
 01 11 A4 2C 78 10 A2 07 00 00

001:006:000:STREAM             1613848835.589953
 01 11 EB 2B 82 10 A4 07 00 00

001:006:000:STREAM             1613848835.596713
 01 11 36 2B 8A 10 A3 07 00 00

001:006:000:STREAM             1613848835.602803
 01 11 7D 2A 92 10 9C 07 00 00

001:006:000:STREAM             1613848835.609685
 01 11 C5 29 9A 10 95 07 00 00

001:006:000:STREAM             1613848835.616051
 01 11 0D 29 A2 10 98 07 00 00

001:006:000:STREAM             1613848835.622710
 01 11 4F 28 AA 10 9D 07 00 00

001:006:000:STREAM             1613848835.629968
 01 11 92 27 B2 10 B1 07 00 00

001:006:000:STREAM             1613848835.635868
 01 11 D4 26 BA 10 C6 07 00 00

001:006:000:STREAM             1613848835.642701
 01 11 14 26 C2 10 E6 07 00 00

001:006:000:STREAM             1613848835.648688
 01 11 4F 25 CD 10 0D 08 00 00

001:006:000:STREAM             1613848835.656053
 01 11 84 24 D5 10 2D 08 00 00

001:006:000:STREAM             1613848835.661985
 01 11 BC 23 DD 10 4A 08 00 00

001:006:000:STREAM             1613848835.668707
 01 11 F4 22 E8 10 61 08 00 00

001:006:000:STREAM             1613848835.674679
 01 11 29 22 F0 10 76 08 00 00

001:006:000:STREAM             1613848835.681994
 01 11 5C 21 FA 10 86 08 00 00

001:006:000:STREAM             1613848835.687711
 01 11 94 20 02 11 99 08 00 00

001:006:000:STREAM             1613848835.695054
 01 11 C6 1F 0D 11 A4 08 00 00

001:006:000:STREAM             1613848835.700690
 01 11 FE 1E 18 11 B9 08 00 00

001:006:000:STREAM             1613848835.707850
 01 11 36 1E 20 11 CB 08 00 00

001:006:000:STREAM             1613848835.713938
 01 11 6E 1D 27 11 DF 08 00 00

001:006:000:STREAM             1613848835.720704
 01 11 A6 1C 2F 11 F7 08 00 00

001:006:000:STREAM             1613848835.727049
 01 11 E0 1B 35 11 19 09 00 00

001:006:000:STREAM             1613848835.733702
 01 11 1B 1B 3A 11 30 09 00 00

001:006:000:STREAM             1613848835.739970
 01 11 5B 1A 3F 11 43 09 00 00

001:006:000:STREAM             1613848835.746713
 01 11 9B 19 42 11 4F 09 00 00

001:006:000:STREAM             1613848835.752852
 01 11 E0 18 45 11 5A 09 00 00

001:006:000:STREAM             1613848835.760074
 01 11 22 18 47 11 5B 09 00 00

001:006:000:STREAM             1613848835.766720
 01 11 6D 17 4D 11 59 09 00 00

001:006:000:STREAM             1613848835.772712
 01 11 BC 16 4F 11 5A 09 00 00

001:006:000:STREAM             1613848835.779985
 01 11 0C 16 55 11 58 09 00 00

001:006:000:STREAM             1613848835.785834
 01 11 61 15 5A 11 5F 09 00 00

001:006:000:STREAM             1613848835.793058
 01 11 BB 14 5F 11 60 09 00 00

001:006:000:STREAM             1613848835.798708
 01 11 1D 14 65 11 5E 09 00 00

001:006:000:STREAM             1613848835.805954
 01 11 82 13 6D 11 5E 09 00 00

001:006:000:STREAM             1613848835.811888
 01 11 EB 12 72 11 5C 09 00 00

001:006:000:STREAM             1613848835.818720
 01 11 5D 12 7A 11 50 09 00 00

001:006:000:STREAM             1613848835.824708
 01 11 D7 11 7F 11 2F 09 00 00

001:006:000:STREAM             1613848835.831682
 01 11 5B 11 87 11 CF 08 00 00

001:006:000:STREAM             1613848835.837973
 01 11 EA 10 8F 11 06 08 00 00

001:006:000:STREAM             1613848835.844699
 01 11 7E 10 97 11 B7 06 00 00

001:006:000:STREAM             1613848835.850712
 01 11 1F 10 9F 11 00 05 00 00

001:006:000:STREAM             1613848835.857940
 01 11 CE 0F AA 11 8C 03 00 00

001:006:000:STREAM             1613848835.863698
 01 10 89 0F B5 11 00 00 00 00

001:006:000:STREAM             1613848835.871051
 01 10 52 0F C5 11 00 00 00 00

001:006:000:STREAM             1613848835.876781
 01 10 2B 0F D5 11 00 00 00 00

001:006:000:STREAM             1613848835.883953
 01 10 16 0F E7 11 00 00 00 00

001:006:000:STREAM             1613848835.889708
 01 10 0E 0F FC 11 00 00 00 00

001:006:000:STREAM             1613848835.896715
 01 10 13 0F 12 12 00 00 00 00

001:006:000:STREAM             1613848835.902869
 01 10 28 0F 2A 12 00 00 00 00

001:006:000:STREAM             1613848835.909974
 01 10 4A 0F 42 12 00 00 00 00

001:006:000:STREAM             1613848835.915861
 01 10 7C 0F 5A 12 00 00 00 00

001:006:000:STREAM             1613848835.922667
 01 10 BB 0F 77 12 00 00 00 00

001:006:000:STREAM             1613848835.928804
 01 10 05 10 94 12 00 00 00 00

001:006:000:STREAM             1613848835.935708
 01 10 5C 10 B4 12 00 00 00 00

001:006:000:STREAM             1613848835.941950
 01 10 C0 10 D4 12 00 00 00 00

001:006:000:STREAM             1613848835.948727
 01 10 31 11 F7 12 00 00 00 00

001:006:000:STREAM             1613848835.954718
 01 10 AA 11 19 13 00 00 00 00

001:006:000:STREAM             1613848835.973958
 01 00 AA 11 19 13 00 00 00 00

001:006:000:STREAM             1613848836.194737
 01 10 5B 32 8D 15 00 00 00 00

001:006:000:STREAM             1613848836.200770
 01 10 76 32 8B 15 00 00 00 00

001:006:000:STREAM             1613848836.207712
 01 10 AD 32 88 15 00 00 00 00

001:006:000:STREAM             1613848836.213970
 01 10 F7 32 8D 15 00 00 00 00

001:006:000:STREAM             1613848836.220728
 01 10 53 33 8B 15 00 00 00 00

001:006:000:STREAM             1613848836.226708
 01 10 B9 33 8B 15 00 00 00 00

001:006:000:STREAM             1613848836.233714
 01 10 30 34 8B 15 00 00 00 00

001:006:000:STREAM             1613848836.240056
 01 10 A9 34 8D 15 00 00 00 00

001:006:000:STREAM             1613848836.245686
 01 10 2A 35 8B 15 00 00 00 00

001:006:000:STREAM             1613848836.252723
 01 10 A8 35 8B 15 00 00 00 00

001:006:000:STREAM             1613848836.258830
 01 10 24 36 8B 15 00 00 00 00

001:006:000:STREAM             1613848836.266062
 01 10 98 36 8B 15 00 00 00 00

001:006:000:STREAM             1613848836.272056
 01 10 09 37 8B 15 00 00 00 00

001:006:000:STREAM             1613848836.279057
 01 10 70 37 88 15 00 00 00 00

001:006:000:STREAM             1613848836.284707
 01 10 CF 37 88 15 00 00 00 00

001:006:000:STREAM             1613848836.291983
 01 10 28 38 88 15 00 00 00 00

001:006:000:STREAM             1613848836.297730
 01 10 77 38 88 15 00 00 00 00

001:006:000:STREAM             1613848836.304707
 01 10 BE 38 85 15 00 00 00 00

001:006:000:STREAM             1613848836.311100
 01 10 FB 38 85 15 00 00 00 00

001:006:000:STREAM             1613848836.317755
 01 10 35 39 88 15 00 00 00 00

001:006:000:STREAM             1613848836.323977
 01 10 64 39 88 15 00 00 00 00

001:006:000:STREAM             1613848836.330886
 01 10 89 39 83 15 00 00 00 00

001:006:000:STREAM             1613848836.336857
 01 10 AB 39 85 15 00 00 00 00

001:006:000:STREAM             1613848836.344103
 01 11 C8 39 88 15 92 08 00 00

001:006:000:STREAM             1613848836.349715
 01 11 E2 39 8B 15 93 08 00 00

001:006:000:STREAM             1613848836.356768
 01 11 F5 39 8D 15 93 08 00 00

001:006:000:STREAM             1613848836.362817
 01 11 05 3A 90 15 90 08 00 00

001:006:000:STREAM             1613848836.370021
 01 11 0F 3A 90 15 87 08 00 00

001:006:000:STREAM             1613848836.376093
 01 11 0F 3A 90 15 79 08 00 00

001:006:000:STREAM             1613848836.382692
 01 11 0C 3A 93 15 6A 08 00 00

001:006:000:STREAM             1613848836.388644
 01 11 02 3A 93 15 58 08 00 00

001:006:000:STREAM             1613848836.395747
 01 11 ED 39 93 15 3E 08 00 00

001:006:000:STREAM             1613848836.401762
 01 11 D0 39 93 15 1F 08 00 00

001:006:000:STREAM             1613848836.408711
 01 11 AB 39 95 15 FB 07 00 00

001:006:000:STREAM             1613848836.414711
 01 11 7C 39 98 15 D3 07 00 00

001:006:000:STREAM             1613848836.422058
 01 11 44 39 9B 15 A5 07 00 00

001:006:000:STREAM             1613848836.427952
 01 11 05 39 9D 15 70 07 00 00

001:006:000:STREAM             1613848836.434898
 01 11 BE 38 A0 15 32 07 00 00

001:006:000:STREAM             1613848836.440771
 01 11 6F 38 A3 15 EF 06 00 00

001:006:000:STREAM             1613848836.447752
 01 11 1E 38 A5 15 B1 06 00 00

001:006:000:STREAM             1613848836.455093
 01 11 C7 37 A8 15 7D 06 00 00

001:006:000:STREAM             1613848836.460720
 01 11 68 37 A8 15 4D 06 00 00

001:006:000:STREAM             1613848836.467941
 01 11 04 37 A8 15 2A 06 00 00

001:006:000:STREAM             1613848836.473973
 01 11 9B 36 A5 15 18 06 00 00

001:006:000:STREAM             1613848836.480724
 01 11 2C 36 A3 15 1A 06 00 00

001:006:000:STREAM             1613848836.486742
 01 11 B8 35 A0 15 2D 06 00 00

001:006:000:STREAM             1613848836.493989
 01 11 42 35 9D 15 52 06 00 00

001:006:000:STREAM             1613848836.500036
 01 11 C3 34 9D 15 89 06 00 00

001:006:000:STREAM             1613848836.506839
 01 11 40 34 9B 15 CB 06 00 00

001:006:000:STREAM             1613848836.512702
 01 11 B4 33 98 15 1B 07 00 00

001:006:000:STREAM             1613848836.519972
 01 11 21 33 98 15 75 07 00 00

001:006:000:STREAM             1613848836.526003
 01 11 85 32 98 15 D9 07 00 00

001:006:000:STREAM             1613848836.532832
 01 11 E2 31 9B 15 31 08 00 00

001:006:000:STREAM             1613848836.538698
 01 11 3A 31 9D 15 85 08 00 00

001:006:000:STREAM             1613848836.546053
 01 11 8F 30 A0 15 DD 08 00 00

001:006:000:STREAM             1613848836.551944
 01 11 DC 2F A5 15 26 09 00 00

001:006:000:STREAM             1613848836.559102
 01 11 26 2F AB 15 6C 09 00 00

001:006:000:STREAM             1613848836.564710
 01 11 68 2E B3 15 A5 09 00 00

001:006:000:STREAM             1613848836.571731
 01 11 AB 2D BB 15 DB 09 00 00

001:006:000:STREAM             1613848836.578049
 01 11 E5 2C C0 15 03 0A 00 00

001:006:000:STREAM             1613848836.584746
 01 11 20 2C C8 15 1A 0A 00 00

001:006:000:STREAM             1613848836.591093
 01 11 5A 2B D0 15 1E 0A 00 00

001:006:000:STREAM             1613848836.597984
 01 11 90 2A D5 15 19 0A 00 00

001:006:000:STREAM             1613848836.604727
 01 11 C5 29 DD 15 13 0A 00 00

001:006:000:STREAM             1613848836.610716
 01 11 F8 28 E5 15 07 0A 00 00

001:006:000:STREAM             1613848836.617709
 01 11 28 28 EB 15 09 0A 00 00

001:006:000:STREAM             1613848836.624102
 01 11 5A 27 F3 15 0D 0A 00 00

001:006:000:STREAM             1613848836.631104
 01 11 8A 26 F8 15 21 0A 00 00

001:006:000:STREAM             1613848836.636723
 01 11 B5 25 FD 15 45 0A 00 00

001:006:000:STREAM             1613848836.644078
 01 11 E3 24 03 16 7B 0A 00 00

001:006:000:STREAM             1613848836.649998
 01 11 10 24 08 16 AA 0A 00 00

001:006:000:STREAM             1613848836.656776
 01 11 40 23 10 16 DB 0A 00 00

001:006:000:STREAM             1613848836.662727
 01 11 70 22 15 16 04 0B 00 00

001:006:000:STREAM             1613848836.669747
 01 11 A0 21 1B 16 30 0B 00 00

001:006:000:STREAM             1613848836.676092
 01 11 D3 20 23 16 54 0B 00 00

001:006:000:STREAM             1613848836.682755
 01 11 00 20 28 16 6C 0B 00 00

001:006:000:STREAM             1613848836.688748
 01 11 33 1F 2A 16 81 0B 00 00

001:006:000:STREAM             1613848836.696094
 01 11 68 1E 30 16 89 0B 00 00

001:006:000:STREAM             1613848836.701758
 01 11 A0 1D 35 16 97 0B 00 00

001:006:000:STREAM             1613848836.708768
 01 11 D5 1C 38 16 AB 0B 00 00

001:006:000:STREAM             1613848836.716042
 01 11 0D 1C 3A 16 C6 0B 00 00

001:006:000:STREAM             1613848836.721756
 01 11 45 1B 3D 16 D3 0B 00 00

001:006:000:STREAM             1613848836.728792
 01 11 88 1A 3D 16 DF 0B 00 00

001:006:000:STREAM             1613848836.734762
 01 11 CA 19 40 16 DB 0B 00 00

001:006:000:STREAM             1613848836.741762
 01 11 0F 19 40 16 CE 0B 00 00

001:006:000:STREAM             1613848836.747929
 01 11 5C 18 40 16 C1 0B 00 00

001:006:000:STREAM             1613848836.754761
 01 11 AC 17 42 16 9F 0B 00 00

001:006:000:STREAM             1613848836.760750
 01 11 FE 16 42 16 69 0B 00 00

001:006:000:STREAM             1613848836.767752
 01 11 58 16 42 16 11 0B 00 00

001:006:000:STREAM             1613848836.773752
 01 11 B8 15 45 16 82 0A 00 00

001:006:000:STREAM             1613848836.780712
 01 11 1C 15 48 16 80 09 00 00

001:006:000:STREAM             1613848836.786711
 01 11 86 14 4A 16 FB 07 00 00

001:006:000:STREAM             1613848836.793711
 01 11 F5 13 4A 16 FE 05 00 00

001:006:000:STREAM             1613848836.799716
 01 11 6A 13 4D 16 41 04 00 00

001:006:000:STREAM             1613848836.806711
 01 11 E6 12 4D 16 AE 02 00 00

001:006:000:STREAM             1613848836.813681
 01 10 68 12 50 16 00 00 00 00

001:006:000:STREAM             1613848836.819671
 01 10 EF 11 55 16 00 00 00 00

001:006:000:STREAM             1613848836.826670
 01 10 7E 11 5A 16 00 00 00 00

001:006:000:STREAM             1613848836.832702
 01 10 12 11 60 16 00 00 00 00

001:006:000:STREAM             1613848836.839650
 01 10 AB 10 65 16 00 00 00 00

001:006:000:STREAM             1613848836.845665
 01 10 4A 10 70 16 00 00 00 00

001:006:000:STREAM             1613848836.851688
 01 10 EB 0F 78 16 00 00 00 00

001:006:000:STREAM             1613848836.858660
 01 10 8C 0F 85 16 00 00 00 00

001:006:000:STREAM             1613848836.864653
 01 10 32 0F 92 16 00 00 00 00

001:006:000:STREAM             1613848836.871695
 01 10 DC 0E A2 16 00 00 00 00

001:006:000:STREAM             1613848836.877712
 01 10 85 0E B5 16 00 00 00 00

001:006:000:STREAM             1613848836.884721
 01 10 30 0E C8 16 00 00 00 00

001:006:000:STREAM             1613848836.890726
 01 10 E1 0D DD 16 00 00 00 00

001:006:000:STREAM             1613848836.897709
 01 10 93 0D EF 16 00 00 00 00

001:006:000:STREAM             1613848836.904173
 01 10 44 0D 07 17 00 00 00 00

001:006:000:STREAM             1613848836.911277
 01 10 FA 0C 22 17 00 00 00 00

001:006:000:STREAM             1613848836.916715
 01 10 B3 0C 3F 17 00 00 00 00

001:006:000:STREAM             1613848836.923688
 01 10 6C 0C 5D 17 00 00 00 00

001:006:000:STREAM             1613848836.929974
 01 10 27 0C 7D 17 00 00 00 00

001:006:000:STREAM             1613848836.936867
 01 10 E8 0B 9C 17 00 00 00 00

001:006:000:STREAM             1613848836.942724
 01 10 A9 0B BC 17 00 00 00 00

001:006:000:STREAM             1613848836.949703
 01 10 67 0B DF 17 00 00 00 00

001:006:000:STREAM             1613848836.956074
 01 10 2D 0B 02 18 00 00 00 00

001:006:000:STREAM             1613848836.962731
 01 10 F3 0A 22 18 00 00 00 00

001:006:000:STREAM             1613848836.968774
 01 10 BC 0A 44 18 00 00 00 00

001:006:000:STREAM             1613848836.976100
 01 10 87 0A 67 18 00 00 00 00

001:006:000:STREAM             1613848836.981772
 01 10 55 0A 89 18 00 00 00 00

001:006:000:STREAM             1613848836.988863
 01 10 23 0A AC 18 00 00 00 00

001:006:000:STREAM             1613848836.994880
 01 10 F6 09 CC 18 00 00 00 00

001:006:000:STREAM             1613848837.001817
 01 10 C7 09 EC 18 00 00 00 00

001:006:000:STREAM             1613848837.008101
 01 10 A0 09 09 19 00 00 00 00

001:006:000:STREAM             1613848837.014714
 01 10 78 09 26 19 00 00 00 00

001:006:000:STREAM             1613848837.020707
 01 10 53 09 44 19 00 00 00 00

001:006:000:STREAM             1613848837.027951
 01 10 31 09 61 19 00 00 00 00

001:006:000:STREAM             1613848837.034000
 01 10 0F 09 7C 19 00 00 00 00

001:006:000:STREAM             1613848837.040114
 01 10 F2 08 96 19 00 00 00 00

001:006:000:STREAM             1613848837.046721
 01 10 D5 08 AE 19 00 00 00 00

001:006:000:STREAM             1613848837.052855
 01 10 BB 08 C6 19 00 00 00 00

001:006:000:STREAM             1613848837.059775
 01 10 A0 08 DE 19 00 00 00 00

001:006:000:STREAM             1613848837.065978
 01 10 86 08 F3 19 00 00 00 00

001:006:000:STREAM             1613848837.072715
 01 10 71 08 03 1A 00 00 00 00

001:006:000:STREAM             1613848837.078730
 01 10 59 08 13 1A 00 00 00 00

001:006:000:STREAM             1613848837.085755
 01 10 47 08 21 1A 00 00 00 00

001:006:000:STREAM             1613848837.091735
 01 10 34 08 2E 1A 00 00 00 00

001:006:000:STREAM             1613848837.098724
 01 10 25 08 39 1A 00 00 00 00

001:006:000:STREAM             1613848837.104764
 01 10 17 08 41 1A 00 00 00 00

001:006:000:STREAM             1613848837.111768
 01 10 0D 08 4B 1A 00 00 00 00

001:006:000:STREAM             1613848837.117800
 01 10 08 08 51 1A 00 00 00 00

001:006:000:STREAM             1613848837.124716
 01 10 08 08 51 1A 00 00 00 00

001:006:000:STREAM             1613848837.130895
 01 10 08 08 56 1A 00 00 00 00

001:006:000:STREAM             1613848837.138038
 01 10 0A 08 59 1A 00 00 00 00

001:006:000:STREAM             1613848837.143773
 01 10 12 08 5B 1A 00 00 00 00

001:006:000:STREAM             1613848837.151121
 01 10 1D 08 56 1A 00 00 00 00

001:006:000:STREAM             1613848837.156843
 01 10 2C 08 51 1A 00 00 00 00

001:006:000:STREAM             1613848837.163997
 01 10 3F 08 51 1A 00 00 00 00

001:006:000:STREAM             1613848837.169783
 01 11 57 08 51 1A 11 0A 00 00

001:006:000:STREAM             1613848837.176761
 01 11 73 08 53 1A 15 0A 00 00

001:006:000:STREAM             1613848837.183106
 01 11 96 08 59 1A 1D 0A 00 00

001:006:000:STREAM             1613848837.189865
 01 11 BB 08 5B 1A 2A 0A 00 00

001:006:000:STREAM             1613848837.195965
 01 11 DF 08 61 1A 2D 0A 00 00

001:006:000:STREAM             1613848837.202771
 01 11 0A 09 66 1A 29 0A 00 00

001:006:000:STREAM             1613848837.208760
 01 11 36 09 6B 1A 22 0A 00 00

001:006:000:STREAM             1613848837.216114
 01 11 63 09 70 1A 1B 0A 00 00

001:006:000:STREAM             1613848837.222048
 01 11 95 09 73 1A 0F 0A 00 00

001:006:000:STREAM             1613848837.228852
 01 11 C4 09 76 1A FF 09 00 00

001:006:000:STREAM             1613848837.234784
 01 11 F9 09 78 1A E7 09 00 00

001:006:000:STREAM             1613848837.241763
 01 11 30 0A 78 1A C4 09 00 00

001:006:000:STREAM             1613848837.247791
 01 11 6A 0A 7B 1A 97 09 00 00

001:006:000:STREAM             1613848837.255115
 01 11 A9 0A 7B 1A 64 09 00 00

001:006:000:STREAM             1613848837.262031
 01 11 EB 0A 7B 1A 30 09 00 00

001:006:000:STREAM             1613848837.267747
 01 11 35 0B 7E 1A FF 08 00 00

001:006:000:STREAM             1613848837.274708
 01 11 84 0B 7E 1A D7 08 00 00

001:006:000:STREAM             1613848837.280850
 01 11 D8 0B 80 1A BB 08 00 00

001:006:000:STREAM             1613848837.288074
 01 11 32 0C 80 1A AB 08 00 00

001:006:000:STREAM             1613848837.293975
 01 11 93 0C 83 1A AD 08 00 00

001:006:000:STREAM             1613848837.300728
 01 11 FA 0C 83 1A BA 08 00 00

001:006:000:STREAM             1613848837.306723
 01 11 63 0D 86 1A D3 08 00 00

001:006:000:STREAM             1613848837.313961
 01 11 D2 0D 86 1A FD 08 00 00

001:006:000:STREAM             1613848837.319945
 01 11 46 0E 88 1A 34 09 00 00

001:006:000:STREAM             1613848837.327077
 01 11 BC 0E 8B 1A 6A 09 00 00

001:006:000:STREAM             1613848837.332741
 01 11 35 0F 8E 1A A7 09 00 00

001:006:000:STREAM             1613848837.340041
 01 11 B1 0F 90 1A EB 09 00 00

001:006:000:STREAM             1613848837.345730
 01 11 32 10 93 1A 34 0A 00 00

001:006:000:STREAM             1613848837.352842
 01 11 B8 10 98 1A 80 0A 00 00

001:006:000:STREAM             1613848837.359076
 01 11 3E 11 9B 1A B8 0A 00 00

001:006:000:STREAM             1613848837.365732
 01 11 C5 11 A0 1A E4 0A 00 00

001:006:000:STREAM             1613848837.372729
 01 11 50 12 A6 1A 06 0B 00 00

001:006:000:STREAM             1613848837.378732
 01 11 D9 12 AE 1A 20 0B 00 00

001:006:000:STREAM             1613848837.385888
 01 11 67 13 B3 1A 35 0B 00 00

001:006:000:STREAM             1613848837.392077
 01 11 F8 13 BB 1A 43 0B 00 00

001:006:000:STREAM             1613848837.398727
 01 11 8B 14 C6 1A 47 0B 00 00

001:006:000:STREAM             1613848837.404737
 01 11 1F 15 CE 1A 4B 0B 00 00

001:006:000:STREAM             1613848837.411986
 01 11 B5 15 D8 1A 50 0B 00 00

001:006:000:STREAM             1613848837.417739
 01 11 50 16 E3 1A 59 0B 00 00

001:006:000:STREAM             1613848837.424761
 01 11 F1 16 EE 1A 64 0B 00 00

001:006:000:STREAM             1613848837.430662
 01 11 8F 17 F6 1A 6C 0B 00 00

001:006:000:STREAM             1613848837.437997
 01 11 32 18 00 1B 7C 0B 00 00

001:006:000:STREAM             1613848837.443861
 01 11 DA 18 08 1B 95 0B 00 00

001:006:000:STREAM             1613848837.450678
 01 11 86 19 10 1B BA 0B 00 00

001:006:000:STREAM             1613848837.456728
 01 11 33 1A 18 1B D0 0B 00 00

001:006:000:STREAM             1613848837.463716
 01 11 E4 1A 1E 1B E1 0B 00 00

001:006:000:STREAM             1613848837.471073
 01 11 94 1B 25 1B E5 0B 00 00

001:006:000:STREAM             1613848837.476743
 01 11 4A 1C 2B 1B EC 0B 00 00

001:006:000:STREAM             1613848837.483945
 01 11 FF 1C 30 1B EC 0B 00 00

001:006:000:STREAM             1613848837.489738
 01 11 BA 1D 33 1B E6 0B 00 00

001:006:000:STREAM             1613848837.496767
 01 11 78 1E 35 1B E9 0B 00 00

001:006:000:STREAM             1613848837.502954
 01 11 35 1F 38 1B EA 0B 00 00

001:006:000:STREAM             1613848837.510036
 01 11 F3 1F 38 1B FC 0B 00 00

001:006:000:STREAM             1613848837.515941
 01 11 B0 20 3B 1B 0F 0C 00 00

001:006:000:STREAM             1613848837.522758
 01 11 71 21 3B 1B 2C 0C 00 00

001:006:000:STREAM             1613848837.528882
 01 11 33 22 3B 1B 4E 0C 00 00

001:006:000:STREAM             1613848837.535856
 01 11 F4 22 3B 1B 60 0C 00 00

001:006:000:STREAM             1613848837.542030
 01 11 B6 23 3D 1B 76 0C 00 00

001:006:000:STREAM             1613848837.548764
 01 11 79 24 3B 1B 85 0C 00 00

001:006:000:STREAM             1613848837.554740
 01 11 3C 25 3B 1B 8B 0C 00 00

001:006:000:STREAM             1613848837.562038
 01 11 02 26 38 1B 90 0C 00 00

001:006:000:STREAM             1613848837.568408
 01 11 C7 26 35 1B 92 0C 00 00

001:006:000:STREAM             1613848837.574761
 01 11 87 27 33 1B 84 0C 00 00

001:006:000:STREAM             1613848837.580874
 01 11 4A 28 2D 1B 77 0C 00 00

001:006:000:STREAM             1613848837.587725
 01 11 0D 29 28 1B 75 0C 00 00

001:006:000:STREAM             1613848837.594781
 01 11 D0 29 20 1B 70 0C 00 00

001:006:000:STREAM             1613848837.600872
 01 11 95 2A 16 1B 71 0C 00 00

001:006:000:STREAM             1613848837.608098
 01 11 5A 2B 0B 1B 70 0C 00 00

001:006:000:STREAM             1613848837.613861
 01 11 20 2C 00 1B 62 0C 00 00

001:006:000:STREAM             1613848837.620695
 01 11 E5 2C F3 1A 57 0C 00 00

001:006:000:STREAM             1613848837.627051
 01 11 A6 2D E6 1A 4D 0C 00 00

001:006:000:STREAM             1613848837.634027
 01 11 68 2E D6 1A 41 0C 00 00

001:006:000:STREAM             1613848837.640121
 01 11 2B 2F C8 1A 43 0C 00 00

001:006:000:STREAM             1613848837.647113
 01 11 EE 2F B8 1A 4E 0C 00 00

001:006:000:STREAM             1613848837.652726
 01 11 AC 30 A8 1A 4A 0C 00 00

001:006:000:STREAM             1613848837.660000
 01 11 69 31 98 1A 41 0C 00 00

001:006:000:STREAM             1613848837.665789
 01 11 24 32 86 1A 3A 0C 00 00

001:006:000:STREAM             1613848837.672792
 01 11 DA 32 76 1A 2A 0C 00 00

001:006:000:STREAM             1613848837.679126
 01 11 8D 33 66 1A 12 0C 00 00

001:006:000:STREAM             1613848837.685716
 01 11 3A 34 56 1A EA 0B 00 00

001:006:000:STREAM             1613848837.691912
 01 11 E8 34 46 1A B9 0B 00 00

001:006:000:STREAM             1613848837.698764
 01 11 91 35 33 1A 80 0B 00 00

001:006:000:STREAM             1613848837.705783
 01 11 34 36 21 1A 43 0B 00 00

001:006:000:STREAM             1613848837.712117
 01 11 D7 36 0E 1A FC 0A 00 00

001:006:000:STREAM             1613848837.718721
 01 11 75 37 01 1A 92 0A 00 00

001:006:000:STREAM             1613848837.724777
 01 11 10 38 F3 19 EA 09 00 00

001:006:000:STREAM             1613848837.731904
 01 11 A6 38 E9 19 CD 08 00 00

001:006:000:STREAM             1613848837.738002
 01 11 37 39 E1 19 41 07 00 00

001:006:000:STREAM             1613848837.744792
 01 11 C3 39 DB 19 59 05 00 00

001:006:000:STREAM             1613848837.750722
 01 11 4C 3A DB 19 C0 03 00 00

001:006:000:STREAM             1613848837.758209
 01 10 D2 3A DE 19 00 00 00 00

001:006:000:STREAM             1613848837.763749
 01 10 56 3B E3 19 00 00 00 00

001:006:000:STREAM             1613848837.770776
 01 10 D7 3B EE 19 00 00 00 00

001:006:000:STREAM             1613848837.776721
 01 10 52 3C F9 19 00 00 00 00

001:006:000:STREAM             1613848837.783765
 01 10 C9 3C 06 1A 00 00 00 00

001:006:000:STREAM             1613848837.790018
 01 10 3F 3D 19 1A 00 00 00 00

001:006:000:STREAM             1613848837.796842
 01 10 AE 3D 2B 1A 00 00 00 00

001:006:000:STREAM             1613848837.802778
 01 10 17 3E 43 1A 00 00 00 00

001:006:000:STREAM             1613848837.809773
 01 10 7B 3E 5B 1A 00 00 00 00

001:006:000:STREAM             1613848837.816012
 01 10 DA 3E 76 1A 00 00 00 00

001:006:000:STREAM             1613848837.822039
 01 10 36 3F 96 1A 00 00 00 00

001:006:000:STREAM             1613848837.828777
 01 10 85 3F B6 1A 00 00 00 00

001:006:000:STREAM             1613848837.834764
 01 10 D1 3F D6 1A 00 00 00 00

001:006:000:STREAM             1613848837.841782
 01 10 13 40 FE 1A 00 00 00 00

001:006:000:STREAM             1613848837.848036
 01 10 50 40 25 1B 00 00 00 00

001:006:000:STREAM             1613848837.854780
 01 10 87 40 50 1B 00 00 00 00

001:006:000:STREAM             1613848837.860753
 01 10 B9 40 7B 1B 00 00 00 00

001:006:000:STREAM             1613848837.867962
 01 10 E0 40 A8 1B 00 00 00 00

001:006:000:STREAM             1613848837.873784
 01 10 05 41 D8 1B 00 00 00 00

001:006:000:STREAM             1613848837.880730
 01 10 25 41 08 1C 00 00 00 00

001:006:000:STREAM             1613848837.887094
 01 10 3D 41 3A 1C 00 00 00 00

001:006:000:STREAM             1613848837.894034
 01 10 4F 41 6A 1C 00 00 00 00

001:006:000:STREAM             1613848837.900088
 01 10 5C 41 9A 1C 00 00 00 00

001:006:000:STREAM             1613848837.906729
 01 10 64 41 C7 1C 00 00 00 00

001:006:000:STREAM             1613848837.912708
 01 10 69 41 F2 1C 00 00 00 00

001:006:000:STREAM             1613848837.919772
 01 10 6C 41 1A 1D 00 00 00 00

001:006:000:STREAM             1613848837.926045
 01 10 6C 41 3F 1D 00 00 00 00

001:006:000:STREAM             1613848837.932880
 01 10 67 41 62 1D 00 00 00 00

001:006:000:STREAM             1613848837.938771
 01 10 5C 41 84 1D 00 00 00 00

001:006:000:STREAM             1613848837.946021
 01 10 4F 41 A4 1D 00 00 00 00

001:006:000:STREAM             1613848837.951958
 01 10 3A 41 C2 1D 00 00 00 00

001:006:000:STREAM             1613848837.958745
 01 10 22 41 E2 1D 00 00 00 00

001:006:000:STREAM             1613848837.965132
 01 10 08 41 01 1E 00 00 00 00

001:006:000:STREAM             1613848837.971733
 01 10 E6 40 1F 1E 00 00 00 00

001:006:000:STREAM             1613848837.978021
 01 10 AC 40 41 1E 00 00 00 00

001:006:000:STREAM             1613848837.984777
 01 10 84 40 5C 1E 00 00 00 00

001:006:000:STREAM             1613848837.990919
 01 11 5D 40 74 1E 17 00 00 00

001:006:000:STREAM             1613848837.998082
 01 11 33 40 8C 1E 18 00 00 00

001:006:000:STREAM             1613848838.003740
 01 11 03 40 A4 1E 1C 00 00 00

001:006:000:STREAM             1613848838.010753
 01 11 D4 3F B9 1E 23 00 00 00

001:006:000:STREAM             1613848838.017789
 01 11 9F 3F CE 1E 31 00 00 00

001:006:000:STREAM             1613848838.024132
 01 11 65 3F E1 1E 4B 00 00 00

001:006:000:STREAM             1613848838.030752
 01 11 29 3F EE 1E 75 00 00 00

001:006:000:STREAM             1613848838.036738
 01 11 E4 3E FE 1E AE 00 00 00

001:006:000:STREAM             1613848838.044073
 01 11 9B 3E 0C 1F F9 00 00 00

001:006:000:STREAM             1613848838.049780
 01 11 46 3E 19 1F 5C 01 00 00

001:006:000:STREAM             1613848838.056754
 01 11 F0 3D 24 1F D6 01 00 00

001:006:000:STREAM             1613848838.063693
 01 11 91 3D 31 1F 5A 02 00 00

001:006:000:STREAM             1613848838.069894
 01 11 2A 3D 3C 1F EC 02 00 00

001:006:000:STREAM             1613848838.076796
 01 11 BE 3C 49 1F 44 03 00 00

001:006:000:STREAM             1613848838.082796
 01 11 50 3C 54 1F 94 03 00 00

001:006:000:STREAM             1613848838.090025
 01 11 DC 3B 5E 1F D7 03 00 00

001:006:000:STREAM             1613848838.095756
 01 11 68 3B 69 1F 10 04 00 00

001:006:000:STREAM             1613848838.102768
 01 11 EF 3A 71 1F 44 04 00 00

001:006:000:STREAM             1613848838.108778
 01 11 70 3A 79 1F 75 04 00 00

001:006:000:STREAM             1613848838.115790
 01 11 ED 39 81 1F A7 04 00 00

001:006:000:STREAM             1613848838.122772
 01 11 69 39 86 1F E1 04 00 00

001:006:000:STREAM             1613848838.128754
 01 11 E0 38 8E 1F 1E 05 00 00

001:006:000:STREAM             1613848838.135724
 01 11 52 38 93 1F 66 05 00 00

001:006:000:STREAM             1613848838.141687
 01 11 C1 37 99 1F B7 05 00 00

001:006:000:STREAM             1613848838.148717
 01 11 2E 37 9B 1F 13 06 00 00

001:006:000:STREAM             1613848838.154710
 01 11 98 36 A1 1F 7E 06 00 00

001:006:000:STREAM             1613848838.161711
 01 11 FD 35 A3 1F EB 06 00 00

001:006:000:STREAM             1613848838.167697
 01 11 5F 35 A9 1F 5C 07 00 00

001:006:000:STREAM             1613848838.174697
 01 11 BB 34 AB 1F C4 07 00 00

001:006:000:STREAM             1613848838.180690
 01 11 16 34 AB 1F 2D 08 00 00

001:006:000:STREAM             1613848838.187681
 01 11 6A 33 AE 1F 7D 08 00 00

001:006:000:STREAM             1613848838.193730
 01 11 C2 32 B1 1F BF 08 00 00

001:006:000:STREAM             1613848838.200689
 01 11 17 32 B3 1F FC 08 00 00

001:006:000:STREAM             1613848838.207286
 01 11 64 31 B6 1F 31 09 00 00

001:006:000:STREAM             1613848838.214043
 01 11 B1 30 B9 1F 66 09 00 00

001:006:000:STREAM             1613848838.219754
 01 11 F9 2F BE 1F 96 09 00 00

001:006:000:STREAM             1613848838.227254
 01 11 3E 2F C1 1F CC 09 00 00

001:006:000:STREAM             1613848838.233969
 01 11 7D 2E C3 1F FA 09 00 00

001:006:000:STREAM             1613848838.239763
 01 11 BB 2D C9 1F 2C 0A 00 00

001:006:000:STREAM             1613848838.246936
 01 11 F8 2C CE 1F 51 0A 00 00

001:006:000:STREAM             1613848838.252699
 01 11 32 2C D1 1F 74 0A 00 00

001:006:000:STREAM             1613848838.259753
 01 11 6D 2B D3 1F 8E 0A 00 00

001:006:000:STREAM             1613848838.265782
 01 11 A5 2A D9 1F AB 0A 00 00

001:006:000:STREAM             1613848838.272792
 01 11 DD 29 DB 1F C7 0A 00 00

001:006:000:STREAM             1613848838.279136
 01 11 12 29 DE 1F D9 0A 00 00

001:006:000:STREAM             1613848838.285740
 01 11 45 28 DE 1F EE 0A 00 00

001:006:000:STREAM             1613848838.291773
 01 11 77 27 E1 1F 03 0B 00 00

001:006:000:STREAM             1613848838.298853
 01 11 A7 26 E1 1F 1E 0B 00 00

001:006:000:STREAM             1613848838.304791
 01 11 D7 25 E1 1F 2A 0B 00 00

001:006:000:STREAM             1613848838.311767
 01 11 0A 25 E1 1F 3A 0B 00 00

001:006:000:STREAM             1613848838.317785
 01 11 3A 24 E1 1F 4B 0B 00 00

001:006:000:STREAM             1613848838.324794
 01 11 6A 23 E1 1F 63 0B 00 00

001:006:000:STREAM             1613848838.330890
 01 11 98 22 DE 1F 7F 0B 00 00

001:006:000:STREAM             1613848838.337796
 01 11 C5 21 DB 1F A5 0B 00 00

001:006:000:STREAM             1613848838.344906
 01 11 F2 20 DB 1F C8 0B 00 00

001:006:000:STREAM             1613848838.350758
 01 11 22 20 D9 1F F3 0B 00 00

001:006:000:STREAM             1613848838.358069
 01 11 52 1F D3 1F 18 0C 00 00

001:006:000:STREAM             1613848838.363790
 01 11 7D 1E D1 1F 2B 0C 00 00

001:006:000:STREAM             1613848838.370865
 01 11 AD 1D CB 1F 3A 0C 00 00

001:006:000:STREAM             1613848838.376794
 01 11 E0 1C C6 1F 2F 0C 00 00

001:006:000:STREAM             1613848838.383779
 01 11 15 1C C1 1F 1D 0C 00 00

001:006:000:STREAM             1613848838.390061
 01 11 4A 1B BB 1F 09 0C 00 00

001:006:000:STREAM             1613848838.396797
 01 11 82 1A B3 1F FB 0B 00 00

001:006:000:STREAM             1613848838.402797
 01 11 BD 19 AB 1F EC 0B 00 00

001:006:000:STREAM             1613848838.410032
 01 11 FD 18 A3 1F E6 0B 00 00

001:006:000:STREAM             1613848838.415778
 01 11 3D 18 9B 1F E1 0B 00 00

001:006:000:STREAM             1613848838.423137
 01 11 7F 17 91 1F E4 0B 00 00

001:006:000:STREAM             1613848838.428802
 01 11 C9 16 86 1F F3 0B 00 00

001:006:000:STREAM             1613848838.435899
 01 11 14 16 7B 1F FF 0B 00 00

001:006:000:STREAM             1613848838.442728
 01 11 63 15 71 1F 0C 0C 00 00

001:006:000:STREAM             1613848838.448778
 01 11 B3 14 64 1F 0D 0C 00 00

001:006:000:STREAM             1613848838.456149
 01 11 08 14 59 1F 09 0C 00 00

001:006:000:STREAM             1613848838.462101
 01 11 62 13 4C 1F EB 0B 00 00

001:006:000:STREAM             1613848838.468778
 01 11 C1 12 41 1F C1 0B 00 00

001:006:000:STREAM             1613848838.474815
 01 11 26 12 36 1F 8D 0B 00 00

001:006:000:STREAM             1613848838.481772
 01 11 8B 11 2C 1F 4E 0B 00 00

001:006:000:STREAM             1613848838.487796
 01 11 F5 10 21 1F 05 0B 00 00

001:006:000:STREAM             1613848838.495138
 01 11 61 10 16 1F AF 0A 00 00

001:006:000:STREAM             1613848838.500791
 01 11 D3 0F 11 1F 39 0A 00 00

001:006:000:STREAM             1613848838.507794
 01 11 4A 0F 0C 1F 88 09 00 00

001:006:000:STREAM             1613848838.513725
 01 11 C4 0E 09 1F 76 08 00 00

001:006:000:STREAM             1613848838.520907
 01 11 40 0E 06 1F F9 06 00 00

001:006:000:STREAM             1613848838.527129
 01 11 BF 0D 09 1F 22 05 00 00

001:006:000:STREAM             1613848838.534067
 01 11 44 0D 0E 1F 99 03 00 00

001:006:000:STREAM             1613848838.539744
 01 10 CA 0C 16 1F 00 00 00 00

001:006:000:STREAM             1613848838.546932
 01 10 59 0C 1E 1F 00 00 00 00

001:006:000:STREAM             1613848838.552778
 01 10 ED 0B 2C 1F 00 00 00 00

001:006:000:STREAM             1613848838.560127
 01 10 87 0B 39 1F 00 00 00 00

001:006:000:STREAM             1613848838.565758
 01 10 25 0B 4E 1F 00 00 00 00

001:006:000:STREAM             1613848838.572728
 01 10 C9 0A 61 1F 00 00 00 00

001:006:000:STREAM             1613848838.578864
 01 10 72 0A 79 1F 00 00 00 00

001:006:000:STREAM             1613848838.585915
 01 10 1E 0A 93 1F 00 00 00 00

001:006:000:STREAM             1613848838.591747
 01 10 CC 09 B1 1F 00 00 00 00

001:006:000:STREAM             1613848838.599142
 01 10 80 09 CE 1F 00 00 00 00

001:006:000:STREAM             1613848838.604750
 01 10 39 09 EE 1F 00 00 00 00

001:006:000:STREAM             1613848838.612026
 01 10 F4 08 0B 20 00 00 00 00

001:006:000:STREAM             1613848838.618081
 01 10 B0 08 2E 20 00 00 00 00

001:006:000:STREAM             1613848838.624806
 01 10 6E 08 4E 20 00 00 00 00

001:006:000:STREAM             1613848838.631086
 01 10 32 08 73 20 00 00 00 00

001:006:000:STREAM             1613848838.637741
 01 10 F5 07 98 20 00 00 00 00

001:006:000:STREAM             1613848838.644020
 01 10 BB 07 C0 20 00 00 00 00

001:006:000:STREAM             1613848838.650968
 01 10 84 07 E8 20 00 00 00 00

001:006:000:STREAM             1613848838.656807
 01 10 4F 07 0D 21 00 00 00 00

001:006:000:STREAM             1613848838.664132
 01 10 20 07 35 21 00 00 00 00

001:006:000:STREAM             1613848838.669753
 01 10 F3 06 58 21 00 00 00 00

001:006:000:STREAM             1613848838.676869
 01 10 C9 06 7B 21 00 00 00 00

001:006:000:STREAM             1613848838.682865
 01 10 A2 06 A0 21 00 00 00 00

001:006:000:STREAM             1613848838.689808
 01 10 82 06 CA 21 00 00 00 00

001:006:000:STREAM             1613848838.696141
 01 10 65 06 F2 21 00 00 00 00

001:006:000:STREAM             1613848838.701774
 01 10 4B 06 18 22 00 00 00 00

001:006:000:STREAM             1613848838.708799
 01 10 36 06 40 22 00 00 00 00

001:006:000:STREAM             1613848838.715002
 01 10 23 06 67 22 00 00 00 00

001:006:000:STREAM             1613848838.721728
 01 10 13 06 8D 22 00 00 00 00

001:006:000:STREAM             1613848838.728145
 01 10 09 06 AF 22 00 00 00 00

001:006:000:STREAM             1613848838.734776
 01 10 FE 05 D2 22 00 00 00 00

001:006:000:STREAM             1613848838.740770
 01 10 F9 05 EF 22 00 00 00 00

001:006:000:STREAM             1613848838.747785
 01 10 F6 05 0F 23 00 00 00 00

001:006:000:STREAM             1613848838.754104
 01 10 F9 05 2F 23 00 00 00 00

001:006:000:STREAM             1613848838.760798
 01 10 F9 05 2F 23 00 00 00 00

001:006:000:STREAM             1613848838.766742
 01 10 01 06 4C 23 00 00 00 00

001:006:000:STREAM             1613848838.773765
 01 10 0B 06 6A 23 00 00 00 00

001:006:000:STREAM             1613848838.779768
 01 10 1E 06 82 23 00 00 00 00

001:006:000:STREAM             1613848838.786743
 01 10 33 06 97 23 00 00 00 00

001:006:000:STREAM             1613848838.792699
 01 10 4D 06 AA 23 00 00 00 00

001:006:000:STREAM             1613848838.799704
 01 10 6A 06 B9 23 00 00 00 00

001:006:000:STREAM             1613848838.805699
 01 10 8F 06 C7 23 00 00 00 00

001:006:000:STREAM             1613848838.812699
 01 10 B1 06 D4 23 00 00 00 00

001:006:000:STREAM             1613848838.818740
 01 10 D9 06 DC 23 00 00 00 00

001:006:000:STREAM             1613848838.825708
 01 10 06 07 E7 23 00 00 00 00

001:006:000:STREAM             1613848838.831716
 01 10 35 07 EF 23 00 00 00 00

001:006:000:STREAM             1613848838.838701
 01 10 64 07 F4 23 00 00 00 00

001:006:000:STREAM             1613848838.844679
 01 10 99 07 F9 23 00 00 00 00

001:006:000:STREAM             1613848838.851682
 01 10 D0 07 FF 23 00 00 00 00

001:006:000:STREAM             1613848838.857670
 01 10 0F 08 01 24 00 00 00 00

001:006:000:STREAM             1613848838.864729
 01 11 51 08 09 24 AC 09 00 00

001:006:000:STREAM             1613848838.871294
 01 11 98 08 17 24 9E 09 00 00

001:006:000:STREAM             1613848838.878051
 01 11 E5 08 21 24 81 09 00 00

001:006:000:STREAM             1613848838.884104
 01 11 36 09 2C 24 5F 09 00 00

001:006:000:STREAM             1613848838.891152
 01 11 8D 09 37 24 3F 09 00 00

001:006:000:STREAM             1613848838.896696
 01 11 EC 09 3F 24 24 09 00 00

001:006:000:STREAM             1613848838.904049
 01 11 4D 0A 47 24 09 09 00 00

001:006:000:STREAM             1613848838.910038
 01 11 B7 0A 4F 24 F5 08 00 00

001:006:000:STREAM             1613848838.916739
 01 11 25 0B 54 24 EB 08 00 00

001:006:000:STREAM             1613848838.924074
 01 11 96 0B 5C 24 DF 08 00 00

001:006:000:STREAM             1613848838.930011
 01 11 0A 0C 5F 24 D6 08 00 00

001:006:000:STREAM             1613848838.936847
 01 11 86 0C 61 24 CF 08 00 00

001:006:000:STREAM             1613848838.943103
 01 11 02 0D 64 24 C7 08 00 00

001:006:000:STREAM             1613848838.949743
 01 11 83 0D 69 24 C2 08 00 00

001:006:000:STREAM             1613848838.955842
 01 11 06 0E 6E 24 C8 08 00 00

001:006:000:STREAM             1613848838.962981
 01 11 8D 0E 74 24 C9 08 00 00

001:006:000:STREAM             1613848838.968789
 01 11 16 0F 79 24 CF 08 00 00

001:006:000:STREAM             1613848838.976112
 01 11 A4 0F 81 24 DF 08 00 00

001:006:000:STREAM             1613848838.981766
 01 11 3A 10 86 24 F8 08 00 00

001:006:000:STREAM             1613848838.988791
 01 11 D5 10 8E 24 1F 09 00 00

001:006:000:STREAM             1613848838.994786
 01 11 73 11 94 24 3A 09 00 00

001:006:000:STREAM             1613848839.001808
 01 11 14 12 9C 24 57 09 00 00

001:006:000:STREAM             1613848839.008811
 01 11 B7 12 A1 24 6B 09 00 00

001:006:000:STREAM             1613848839.014768
 01 11 5F 13 A9 24 7D 09 00 00

001:006:000:STREAM             1613848839.021787
 01 11 0A 14 AE 24 88 09 00 00

001:006:000:STREAM             1613848839.027796
 01 11 B8 14 B4 24 93 09 00 00

001:006:000:STREAM             1613848839.034823
 01 11 69 15 BC 24 A1 09 00 00

001:006:000:STREAM             1613848839.041153
 01 11 19 16 C6 24 AD 09 00 00

001:006:000:STREAM             1613848839.047760
 01 11 CF 16 CC 24 BF 09 00 00

001:006:000:STREAM             1613848839.053781
 01 11 82 17 D4 24 CF 09 00 00

001:006:000:STREAM             1613848839.060738
 01 11 37 18 D9 24 E2 09 00 00

001:006:000:STREAM             1613848839.067097
 01 11 F2 18 E1 24 FC 09 00 00

001:006:000:STREAM             1613848839.074031
 01 11 B2 19 E6 24 21 0A 00 00

001:006:000:STREAM             1613848839.079733
 01 11 73 1A EC 24 3B 0A 00 00

001:006:000:STREAM             1613848839.086970
 01 11 35 1B EE 24 53 0A 00 00

001:006:000:STREAM             1613848839.092837
 01 11 F8 1B F1 24 65 0A 00 00

001:006:000:STREAM             1613848839.099753
 01 11 C0 1C F4 24 77 0A 00 00

001:006:000:STREAM             1613848839.105749
 01 11 8B 1D F6 24 82 0A 00 00

001:006:000:STREAM             1613848839.112758
 01 11 58 1E F9 24 90 0A 00 00

001:006:000:STREAM             1613848839.119941
 01 11 26 1F F9 24 97 0A 00 00

001:006:000:STREAM             1613848839.125767
 01 11 F0 1F FC 24 91 0A 00 00

001:006:000:STREAM             1613848839.132747
 01 11 BB 20 FC 24 8F 0A 00 00

001:006:000:STREAM             1613848839.138852
 01 11 88 21 FC 24 8C 0A 00 00

001:006:000:STREAM             1613848839.145723
 01 11 5B 22 F9 24 94 0A 00 00

001:006:000:STREAM             1613848839.151742
 01 11 2B 23 F6 24 96 0A 00 00

001:006:000:STREAM             1613848839.159141
 01 11 FB 23 F6 24 9B 0A 00 00

001:006:000:STREAM             1613848839.164843
 01 11 CE 24 F1 24 9F 0A 00 00

001:006:000:STREAM             1613848839.171975
 01 11 A0 25 F1 24 A8 0A 00 00

001:006:000:STREAM             1613848839.177731
 01 11 70 26 EC 24 A6 0A 00 00

001:006:000:STREAM             1613848839.184878
 01 11 40 27 EC 24 AE 0A 00 00

001:006:000:STREAM             1613848839.191110
 01 11 0B 28 E6 24 AB 0A 00 00

001:006:000:STREAM             1613848839.197772
 01 11 DB 28 E1 24 AA 0A 00 00

001:006:000:STREAM             1613848839.203752
 01 11 AB 29 DC 24 A3 0A 00 00

001:006:000:STREAM             1613848839.210904
 01 11 7B 2A D4 24 A7 0A 00 00

001:006:000:STREAM             1613848839.218020
 01 11 4B 2B CE 24 A8 0A 00 00

001:006:000:STREAM             1613848839.223768
 01 11 1B 2C C9 24 A3 0A 00 00

001:006:000:STREAM             1613848839.231111
 01 11 E8 2C C1 24 A3 0A 00 00

001:006:000:STREAM             1613848839.236761
 01 11 B3 2D B9 24 9B 0A 00 00

001:006:000:STREAM             1613848839.244018
 01 11 7D 2E B4 24 98 0A 00 00

001:006:000:STREAM             1613848839.249764
 01 11 48 2F AC 24 98 0A 00 00

001:006:000:STREAM             1613848839.256880
 01 11 13 30 A4 24 A5 0A 00 00

001:006:000:STREAM             1613848839.263111
 01 11 DB 30 9C 24 B0 0A 00 00

001:006:000:STREAM             1613848839.269775
 01 11 9E 31 91 24 C1 0A 00 00

001:006:000:STREAM             1613848839.275751
 01 11 61 32 86 24 CF 0A 00 00

001:006:000:STREAM             1613848839.282844
 01 11 23 33 79 24 E0 0A 00 00

001:006:000:STREAM             1613848839.288776
 01 11 E1 33 6E 24 EC 0A 00 00

001:006:000:STREAM             1613848839.296110
 01 11 9E 34 5F 24 F9 0A 00 00

001:006:000:STREAM             1613848839.301761
 01 11 57 35 4F 24 FE 0A 00 00

001:006:000:STREAM             1613848839.308758
 01 11 0F 36 41 24 05 0B 00 00

001:006:000:STREAM             1613848839.316114
 01 11 C2 36 31 24 13 0B 00 00

001:006:000:STREAM             1613848839.322022
 01 11 72 37 21 24 22 0B 00 00

001:006:000:STREAM             1613848839.328772
 01 11 1E 38 11 24 38 0B 00 00

001:006:000:STREAM             1613848839.334719
 01 11 C9 38 01 24 4E 0B 00 00

001:006:000:STREAM             1613848839.342027
 01 11 71 39 F4 23 65 0B 00 00

001:006:000:STREAM             1613848839.347916
 01 11 12 3A E7 23 6E 0B 00 00

001:006:000:STREAM             1613848839.354762
 01 11 AD 3A DC 23 6C 0B 00 00

001:006:000:STREAM             1613848839.360775
 01 11 43 3B D1 23 63 0B 00 00

001:006:000:STREAM             1613848839.367779
 01 11 D7 3B C7 23 4B 0B 00 00

001:006:000:STREAM             1613848839.374026
 01 11 65 3C BC 23 28 0B 00 00

001:006:000:STREAM             1613848839.380854
 01 11 F0 3C B2 23 02 0B 00 00

001:006:000:STREAM             1613848839.386822
 01 11 76 3D AA 23 D0 0A 00 00

001:006:000:STREAM             1613848839.394016
 01 11 F7 3D 9F 23 95 0A 00 00

001:006:000:STREAM             1613848839.399771
 01 11 76 3E 92 23 4D 0A 00 00

001:006:000:STREAM             1613848839.406759
 01 11 EF 3E 8A 23 ED 09 00 00

001:006:000:STREAM             1613848839.414080
 01 11 65 3F 82 23 5C 09 00 00

001:006:000:STREAM             1613848839.419776
 01 11 D7 3F 77 23 5E 08 00 00

001:006:000:STREAM             1613848839.426778
 01 11 43 40 72 23 F3 06 00 00

001:006:000:STREAM             1613848839.432795
 01 11 A7 40 6C 23 24 05 00 00

001:006:000:STREAM             1613848839.440044
 01 11 08 41 6A 23 9F 03 00 00

001:006:000:STREAM             1613848839.446071
 01 11 64 41 67 23 E7 01 00 00

001:006:000:STREAM             1613848839.452798
 01 10 B8 41 67 23 00 00 00 00

001:006:000:STREAM             1613848839.458792
 01 10 0A 42 6A 23 00 00 00 00

001:006:000:STREAM             1613848839.465798
 01 10 56 42 72 23 00 00 00 00

001:006:000:STREAM             1613848839.472170
 01 10 A0 42 72 23 00 00 00 00

001:006:000:STREAM             1613848839.478746
 01 10 E7 42 7A 23 00 00 00 00

001:006:000:STREAM             1613848839.484784
 01 10 2E 43 4F 24 00 00 00 00

001:006:000:STREAM             1613848839.503777
 01 00 2E 43 4F 24 00 00 00 00

