001:006:000:STREAM             1613849203.070271
 04 00 00 00 01 00 00 00

001:006:000:STREAM             1613849203.885098
 04 00 00 00 00 00 00 00

001:006:000:STREAM             1613849205.154331
 04 00 00 00 02 00 00 00

001:006:000:STREAM             1613849205.908040
 04 00 00 00 00 00 00 00

001:006:000:STREAM             1613849206.975040
 04 00 00 00 04 00 00 00

001:006:000:STREAM             1613849207.717339
 04 00 00 00 00 00 00 00

001:006:000:STREAM             1613849208.793285
 04 00 00 00 08 00 00 00

001:006:000:STREAM             1613849209.560389
 04 00 00 00 00 00 00 00

001:006:000:STREAM             1613849211.490634
 04 00 00 00 10 00 00 00

001:006:000:STREAM             1613849212.218657
 04 00 00 00 00 00 00 00

001:006:000:STREAM             1613849213.732342
 04 00 00 00 20 00 00 00

001:006:000:STREAM             1613849214.331365
 04 00 00 00 00 00 00 00

001:006:000:STREAM             1613849215.658784
 04 00 00 00 40 00 00 00

001:006:000:STREAM             1613849216.271823
 04 00 00 00 00 00 00 00

001:006:000:STREAM             1613849217.928666
 04 00 00 00 80 00 00 00

001:006:000:STREAM             1613849218.585732
 04 00 00 00 00 00 00 00

001:006:000:STREAM             1613849221.286001
 04 00 00 00 01 00 00 00

001:006:000:STREAM             1613849221.924805
 04 00 00 00 00 00 00 00

001:006:000:STREAM             1613849223.135708
 04 00 00 00 02 00 00 00

001:006:000:STREAM             1613849223.727702
 04 00 00 00 00 00 00 00

001:006:000:STREAM             1613849224.980693
 04 00 00 00 04 00 00 00

001:006:000:STREAM             1613849225.491768
 04 00 00 00 00 00 00 00

001:006:000:STREAM             1613849227.504852
 04 00 00 00 08 00 00 00

001:006:000:STREAM             1613849228.034203
 04 00 00 00 00 00 00 00

001:006:000:STREAM             1613849229.661146
 04 00 00 00 10 00 00 00

001:006:000:STREAM             1613849230.321022
 04 00 00 00 00 00 00 00

001:006:000:STREAM             1613849231.643994
 04 00 00 00 20 00 00 00

001:006:000:STREAM             1613849232.324020
 04 00 00 00 00 00 00 00

001:006:000:STREAM             1613849233.672088
 04 00 00 00 40 00 00 00

001:006:000:STREAM             1613849234.384083
 04 00 00 00 00 00 00 00

001:006:000:STREAM             1613849235.641237
 04 00 00 00 80 00 00 00

001:006:000:STREAM             1613849236.349364
 04 00 00 00 00 00 00 00

