001:006:000:STREAM             1613848888.706588
 01 00 01 33 5E 20 00 00 00 00

001:006:000:STREAM             1613848890.609061
 04 00 00 00 01 00 00 00

001:006:000:STREAM             1613848890.840678
 04 00 00 00 00 00 00 00

001:006:000:STREAM             1613848891.010810
 04 00 00 00 01 00 00 00

001:006:000:STREAM             1613848891.169071
 04 00 00 00 00 00 00 00

001:006:000:STREAM             1613848891.847068
 04 00 00 00 02 00 00 00

001:006:000:STREAM             1613848891.972737
 04 00 00 00 00 00 00 00

001:006:000:STREAM             1613848892.160901
 04 00 00 00 02 00 00 00

001:006:000:STREAM             1613848892.282710
 04 00 00 00 00 00 00 00

001:006:000:STREAM             1613848893.025102
 04 00 00 00 04 00 00 00

001:006:000:STREAM             1613848893.294131
 04 00 00 00 00 00 00 00

001:006:000:STREAM             1613848893.837745
 04 00 00 00 04 00 00 00

001:006:000:STREAM             1613848894.176912
 04 00 00 00 00 00 00 00

001:006:000:STREAM             1613848894.726755
 04 00 00 00 08 00 00 00

001:006:000:STREAM             1613848895.120795
 04 00 00 00 00 00 00 00

001:006:000:STREAM             1613848895.521798
 04 00 00 00 08 00 00 00

001:006:000:STREAM             1613848895.894083
 04 00 00 00 00 00 00 00

001:006:000:STREAM             1613848896.456150
 04 00 00 00 10 00 00 00

001:006:000:STREAM             1613848896.812752
 04 00 00 00 00 00 00 00

001:006:000:STREAM             1613848897.197969
 04 00 00 00 10 00 00 00

001:006:000:STREAM             1613848897.640809
 04 00 00 00 00 00 00 00

001:006:000:STREAM             1613848898.236852
 04 00 00 00 20 00 00 00

001:006:000:STREAM             1613848898.503015
 04 00 00 00 00 00 00 00

001:006:000:STREAM             1613848898.831763
 04 00 00 00 20 00 00 00

001:006:000:STREAM             1613848899.107163
 04 00 00 00 00 00 00 00

001:006:000:STREAM             1613848899.549231
 04 00 00 00 40 00 00 00

001:006:000:STREAM             1613848899.828208
 04 00 00 00 00 00 00 00

001:006:000:STREAM             1613848900.091057
 04 00 00 00 40 00 00 00

001:006:000:STREAM             1613848900.378144
 04 00 00 00 00 00 00 00

001:006:000:STREAM             1613848901.208924
 04 00 00 00 80 00 00 00

001:006:000:STREAM             1613848901.472870
 04 00 00 00 00 00 00 00

001:006:000:STREAM             1613848901.805037
 04 00 00 00 80 00 00 00

001:006:000:STREAM             1613848902.041924
 04 00 00 00 00 00 00 00

001:006:000:STREAM             1613848903.727300
 04 00 00 00 01 00 00 00

001:006:000:STREAM             1613848904.967338
 04 00 00 00 00 00 00 00

001:006:000:STREAM             1613848905.924336
 04 00 00 00 01 00 00 00

001:006:000:STREAM             1613848906.746008
 04 00 00 00 00 00 00 00

001:006:000:STREAM             1613848908.109021
 04 00 00 00 02 00 00 00

001:006:000:STREAM             1613848908.486014
 04 00 00 00 00 00 00 00

001:006:000:STREAM             1613848908.822968
 04 00 00 00 02 00 00 00

001:006:000:STREAM             1613848909.213234
 04 00 00 00 00 00 00 00

001:006:000:STREAM             1613848909.884236
 04 00 00 00 04 00 00 00

001:006:000:STREAM             1613848910.186461
 04 00 00 00 00 00 00 00

001:006:000:STREAM             1613848910.457048
 04 00 00 00 04 00 00 00

001:006:000:STREAM             1613848910.819971
 04 00 00 00 00 00 00 00

001:006:000:STREAM             1613848911.575416
 04 00 00 00 08 00 00 00

001:006:000:STREAM             1613848911.818405
 04 00 00 00 00 00 00 00

001:006:000:STREAM             1613848912.074065
 04 00 00 00 08 00 00 00

001:006:000:STREAM             1613848912.354297
 04 00 00 00 00 00 00 00

001:006:000:STREAM             1613848912.946430
 04 00 00 00 10 00 00 00

001:006:000:STREAM             1613848913.161237
 04 00 00 00 00 00 00 00

001:006:000:STREAM             1613848913.402427
 04 00 00 00 10 00 00 00

001:006:000:STREAM             1613848913.658401
 04 00 00 00 00 00 00 00

001:006:000:STREAM             1613848914.187370
 04 00 00 00 20 00 00 00

001:006:000:STREAM             1613848914.416127
 04 00 00 00 00 00 00 00

001:006:000:STREAM             1613848914.645406
 04 00 00 00 20 00 00 00

001:006:000:STREAM             1613848914.922216
 04 00 00 00 00 00 00 00

001:006:000:STREAM             1613848915.590475
 04 00 00 00 40 00 00 00

001:006:000:STREAM             1613848915.842169
 04 00 00 00 00 00 00 00

001:006:000:STREAM             1613848916.059405
 04 00 00 00 40 00 00 00

001:006:000:STREAM             1613848916.344528
 04 00 00 00 00 00 00 00

001:006:000:STREAM             1613848916.946571
 04 00 00 00 80 00 00 00

001:006:000:STREAM             1613848917.165301
 04 00 00 00 00 00 00 00

001:006:000:STREAM             1613848917.436317
 04 00 00 00 80 00 00 00

001:006:000:STREAM             1613848917.722156
 04 00 00 00 00 00 00 00

